301, 1718, 4731, 7234, 4156, 7353, 7410, 8435, 7708, 8238, 2558, 5620, 3288, 8301, 6091, 2980, 5476, 2250, 4109, 813, 8831, 17361, 10248, 18778, 13261, 21791, 15764, 24294, 12686, 21216, 15883, 24413, 15940, 24470, 16965, 25495, 16238, 24768, 16768, 25298, 11088, 19618, 14150, 22680, 11818, 20348, 16831, 25361, 14621, 23151, 11510, 20040, 14006, 22536, 10780, 19310, 12639, 21169, 9343, 17873
2212, 2418, 6934, 2858, 2388, 4894, 5511, 1861, 7386, 3430, 2153, 3234, 5240, 7160, 5446, 5494, 1722, 5784, 3554, 3240, 10742, 19272, 10948, 19478, 15464, 23994, 11388, 19918, 10918, 19448, 13424, 21954, 14041, 22571, 10391, 18921, 15916, 24446, 11960, 20490, 10683, 19213, 11764, 20294, 13770, 22300, 15690, 24220, 13976, 22506, 14024, 22554, 10252, 18782, 14314, 22844, 12084, 20614, 11770, 20300
2084, 7085, 849, 2835, 7064, 4424, 881, 8398, 8, 2963, 641, 2672, 2415, 7798, 4243, 3241, 5294, 54, 5805, 6593, 10614, 19144, 15615, 24145, 9379, 17909, 11365, 19895, 15594, 24124, 12954, 21484, 9411, 17941, 16928, 25458, 8538, 17068, 11493, 20023, 9171, 17701, 11202, 19732, 10945, 19475, 16328, 24858, 12773, 21303, 11771, 20301, 13824, 22354, 8584, 17114, 14335, 22865, 15123, 23653
4765, 8107, 4198, 2369, 4631, 6746, 5578, 5481, 291, 8031, 4537, 5642, 6233, 7832, 7582, 8400, 4666, 4130, 6270, 8474, 13295, 21825, 16637, 25167, 12728, 21258, 10899, 19429, 13161, 21691, 15276, 23806, 14108, 22638, 14011, 22541, 8821, 17351, 16561, 25091, 13067, 21597, 14172, 22702, 14763, 23293, 16362, 24892, 16112, 24642, 16930, 25460, 13196, 21726, 12660, 21190, 14800, 23330, 17004, 25534
614, 6923, 440, 7756, 4082, 2268, 2911, 3210, 6339, 2185, 7288, 2442, 548, 6097, 8196, 6764, 1083, 1990, 1185, 5532, 9144, 17674, 15453, 23983, 8970, 17500, 16286, 24816, 12612, 21142, 10798, 19328, 11441, 19971, 11740, 20270, 14869, 23399, 10715, 19245, 15818, 24348, 10972, 19502, 9078, 17608, 14627, 23157, 16726, 25256, 15294, 23824, 9613, 18143, 10520, 19050, 9715, 18245, 14062, 22592
1379, 1577, 3985, 5349, 3287, 6483, 6260, 6387, 1687, 6379, 7043, 3591, 4315, 1538, 3422, 5419, 1079, 7333, 878, 515, 9909, 18439, 10107, 18637, 12515, 21045, 13879, 22409, 11817, 20347, 15013, 23543, 14790, 23320, 14917, 23447, 10217, 18747, 14909, 23439, 15573, 24103, 12121, 20651, 12845, 21375, 10068, 18598, 11952, 20482, 13949, 22479, 9609, 18139, 15863, 24393, 9408, 17938, 9045, 17575
3927, 5747, 5930, 7454, 2153, 3770, 6032, 2060, 5887, 6793, 8058, 7781, 739, 4790, 2941, 6776, 1149, 2849, 4865, 2542, 12457, 20987, 14277, 22807, 14460, 22990, 15984, 24514, 10683, 19213, 12300, 20830, 14562, 23092, 10590, 19120, 14417, 22947, 15323, 23853, 16588, 25118, 16311, 24841, 9269, 17799, 13320, 21850, 11471, 20001, 15306, 23836, 9679, 18209, 11379, 19909, 13395, 21925, 11072, 19602
4007, 5377, 6045, 124, 7719, 4467, 5426, 4723, 8120, 5257, 8483, 6782, 7552, 6064, 1941, 6770, 6182, 449, 5689, 97, 12537, 21067, 13907, 22437, 14575, 23105, 8654, 17184, 16249, 24779, 12997, 21527, 13956, 22486, 13253, 21783, 16650, 25180, 13787, 22317, 17013, 25543, 15312, 23842, 16082, 24612, 14594, 23124, 10471, 19001, 15300, 23830, 14712, 23242, 8979, 17509, 14219, 22749, 8627, 17157
5265, 6576, 1746, 3031, 915, 1866, 4598, 4794, 862, 6674, 5784, 4143, 5373, 3620, 7398, 4927, 1022, 4020, 6010, 3044, 13795, 22325, 15106, 23636, 10276, 18806, 11561, 20091, 9445, 17975, 10396, 18926, 13128, 21658, 13324, 21854, 9392, 17922, 15204, 23734, 14314, 22844, 12673, 21203, 13903, 22433, 12150, 20680, 15928, 24458, 13457, 21987, 9552, 18082, 12550, 21080, 14540, 23070, 11574, 20104
8268, 1, 8462, 4444, 875, 5443, 2735, 2691, 7762, 6814, 5140, 7847, 7548, 1118, 6370, 2345, 3333, 699, 502, 6306, 16798, 25328, 8531, 17061, 16992, 25522, 12974, 21504, 9405, 17935, 13973, 22503, 11265, 19795, 11221, 19751, 16292, 24822, 15344, 23874, 13670, 22200, 16377, 24907, 16078, 24608, 9648, 18178, 14900, 23430, 10875, 19405, 11863, 20393, 9229, 17759, 9032, 17562, 14836, 23366
6899, 7303, 2867, 6242, 5135, 8250, 4300, 8514, 1107, 7933, 2138, 3986, 8170, 876, 7521, 8273, 4423, 6876, 5216, 2151, 15429, 23959, 15833, 24363, 11397, 19927, 14772, 23302, 13665, 22195, 16780, 25310, 12830, 21360, 17044, 25574, 9637, 18167, 16463, 24993, 10668, 19198, 12516, 21046, 16700, 25230, 9406, 17936, 16051, 24581, 16803, 25333, 12953, 21483, 15406, 23936, 13746, 22276, 10681, 19211
7232, 8351, 263, 4248, 4591, 4172, 4124, 2305, 7753, 5775, 6429, 3064, 7417, 1242, 218, 7623, 667, 2373, 3469, 365, 15762, 24292, 16881, 25411, 8793, 17323, 12778, 21308, 13121, 21651, 12702, 21232, 12654, 21184, 10835, 19365, 16283, 24813, 14305, 22835, 14959, 23489, 11594, 20124, 15947, 24477, 9772, 18302, 8748, 17278, 16153, 24683, 9197, 17727, 10903, 19433, 11999, 20529, 8895, 17425
4053, 5646, 5351, 369, 7051, 912, 2094, 8430, 8054, 5958, 745, 977, 1881, 5041, 5324, 8159, 7942, 4339, 1572, 5923, 12583, 21113, 14176, 22706, 13881, 22411, 8899, 17429, 15581, 24111, 9442, 17972, 10624, 19154, 16960, 25490, 16584, 25114, 14488, 23018, 9275, 17805, 9507, 18037, 10411, 18941, 13571, 22101, 13854, 22384, 16689, 25219, 16472, 25002, 12869, 21399, 10102, 18632, 14453, 22983
3916, 5465, 5710, 2290, 5974, 6214, 3982, 7929, 7499, 8299, 7840, 3893, 5938, 1555, 6288, 3995, 946, 7361, 5706, 5219, 12446, 20976, 13995, 22525, 14240, 22770, 10820, 19350, 14504, 23034, 14744, 23274, 12512, 21042, 16459, 24989, 16029, 24559, 16829, 25359, 16370, 24900, 12423, 20953, 14468, 22998, 10085, 18615, 14818, 23348, 12525, 21055, 9476, 18006, 15891, 24421, 14236, 22766, 13749, 22279
4566, 6906, 7005, 6721, 3468, 5385, 7732, 3500, 6586, 6105, 5591, 6088, 7660, 2320, 3786, 2507, 5282, 3611, 2050, 5185, 13096, 21626, 15436, 23966, 15535, 24065, 15251, 23781, 11998, 20528, 13915, 22445, 16262, 24792, 12030, 20560, 15116, 23646, 14635, 23165, 14121, 22651, 14618, 23148, 16190, 24720, 10850, 19380, 12316, 20846, 11037, 19567, 13812, 22342, 12141, 20671, 10580, 19110, 13715, 22245
4941, 1091, 5208, 6929, 757, 7116, 5313, 7156, 7076, 7166, 7562, 5027, 856, 3066, 2501, 395, 4307, 8163, 1052, 7517, 13471, 22001, 9621, 18151, 13738, 22268, 15459, 23989, 9287, 17817, 15646, 24176, 13843, 22373, 15686, 24216, 15606, 24136, 15696, 24226, 16092, 24622, 13557, 22087, 9386, 17916, 11596, 20126, 11031, 19561, 8925, 17455, 12837, 21367, 16693, 25223, 9582, 18112, 16047, 24577
