858, 14297, 2148, 7882, 13943, 10217, 2295, 5150, 7841, 15169, 13227, 24632, 16948, 111, 3229, 8716, 17403, 2460, 3120, 3919
5785, 6005, 17747, 17799, 2945, 20601, 6437, 3521, 4791, 3912, 23546, 3042, 17663, 7847, 10860, 5537, 23145, 11213, 3770, 652
17846, 12735, 15481, 22168, 19188, 8013, 14906, 12930, 14604, 21784, 9442, 15848, 8896, 17118, 20209, 17626, 15207, 24052, 16911, 20777
18402, 13158, 23010, 5185, 20937, 15531, 13654, 20498, 19162, 23382, 22311, 12840, 15014, 20910, 8049, 18779, 11159, 19579, 19630, 14160
13129, 16942, 23612, 19868, 24014, 16743, 16385, 24736, 22920, 20416, 19608, 21579, 18269, 21197, 24887, 23708, 19570, 13229, 22997, 21414
20230, 14597, 20799, 12976, 18194, 13231, 8924, 12519, 14329, 16865, 15460, 17457, 21898, 19332, 22036, 18722, 22264, 15089, 17431, 21824
18955, 17406, 17538, 16684, 16556, 14797, 20362, 12984, 16664, 21142, 17621, 24029, 24488, 18714, 14347, 13732, 13655, 23381, 16307, 22038
14416, 17278, 12640, 19602, 19082, 20949, 18985, 18844, 24605, 12837, 22042, 23625, 16955, 16154, 22143, 14702, 22107, 15024, 15624, 20260
200, 13135, 16986, 14946, 23626, 24826, 22594, 23874, 21405, 22126, 19533, 22110, 19201, 16547, 13092, 24955, 19415, 24257, 16993, 23092
18602, 20100, 16963, 18995, 16094, 19807, 13119, 13212, 22570, 14100, 14787, 13613, 20115, 24124, 13066, 24689, 15594, 15966, 12771, 17931
21423, 21698, 19845, 21208, 20809, 22078, 15718, 12979, 20936, 13270, 18924, 24942, 23044, 22497, 15812, 18866, 19769, 24527, 14665, 20435
18752, 19376, 19173, 17568, 15852, 20227, 19438, 21427, 13246, 24781, 21116, 19948, 19362, 16864, 15539, 15672, 17167, 23468, 18745, 22902
14192, 16462, 18232, 21762, 21930, 12948, 15907, 24254, 24121, 19574, 13594, 22935, 19027, 14331, 17801, 12057, 4618, 20243, 16508, 24057
17825, 15677, 17422, 6975, 5480, 21842, 15501, 20643, 18421, 12417, 21996, 19424, 19026, 16017, 17766, 14645, 15749, 15223, 24507, 18842
13653, 12754, 15366, 23082, 12962, 14537, 16755, 24017, 13816, 16389, 16673, 22972, 18768, 15349, 14825, 13891, 24633, 16874, 17179, 23322
12798, 24956, 15372, 19193, 22351, 24336, 17673, 22297, 16939, 18793, 24496, 16324, 18763, 24959, 16737, 23982, 15373, 14014, 19836, 4595
18498, 23490, 20521, 14584, 5207, 9800, 949, 23367, 7309, 4761, 18976, 14376, 18598, 13511, 13819, 5374, 19243, 22907, 19283, 2432
16939, 21886, 15405, 19995, 24857, 14171, 24959, 18280, 12652, 21422, 24502, 21446, 13220, 16772, 19662, 18769, 19339, 24892, 19998, 18497
16652, 16307, 19412, 9409, 19967, 16154, 14502, 1434, 20589, 24552, 16934, 17695, 14721, 19827, 15063, 20736, 9058, 21579, 20172, 17814
20227, 6205, 24007, 11548, 15994, 15716, 922, 10000, 22225, 13928, 5480, 16622, 4874, 19345, 16829, 14689, 15810, 16861, 22485, 10784
23625, 23464, 12776, 23447, 20929, 18760, 13001, 24430, 15211, 6769, 14679, 16056, 17775, 19580, 15824, 13093, 19004, 21835, 13803, 21956
7051, 9861, 11853, 9780, 12180, 6486, 21293, 7965, 22797, 8543, 6404, 20763, 24453, 8116, 5859, 15687, 6492, 12214, 18999, 8269
5322, 21688, 19537, 20545, 20631, 14972, 13946, 19693, 22698, 15443, 24858, 24142, 14527, 17474, 24156, 19898, 23634, 16931, 15337, 16196
4572, 582, 618, 3181, 7534, 11094, 437, 9620, 1795, 22007, 3813, 5932, 162, 10858, 1420, 6092, 3271, 21950, 2858, 2824
13668, 17543, 15600, 16991, 20937, 21128, 22220, 24222, 23708, 24066, 22559, 20341, 8144, 13354, 22984, 16461, 15677, 18794, 24935, 24522
17649, 12443, 12414, 2819, 10878, 7454, 1731, 3946, 21736, 6354, 16670, 10271, 6100, 14892, 2064, 17119, 17687, 16284, 963, 9155
24053, 15267, 20434, 22552, 24633, 16803, 19638, 19053, 16961, 19145, 23580, 23322, 16393, 16929, 21025, 19595, 18507, 22908, 24188, 24146
2340, 2604, 11389, 8053, 18299, 22201, 8767, 3103, 6550, 12431, 11752, 3512, 20342, 1184, 2945, 6172, 7581, 714, 9209, 11075
15704, 21124, 13589, 18961, 24091, 23998, 20515, 14992, 22339, 18902, 16082, 20700, 13324, 24981, 595, 18453, 19812, 15544, 12681, 16788
434, 8978, 7227, 9517, 7197, 7573, 12198, 4453, 11091, 11814, 2200, 24438, 3920, 2550, 11534, 15536, 2971, 17376, 11364, 16101
23598, 20230, 18509, 12763, 4585, 24013, 19612, 20289, 23638, 13287, 18909, 1515, 19282, 16970, 14558, 22920, 18608, 19893, 14155, 24889
313, 14730, 16621, 16617, 20784, 13677, 17406, 10298, 21949, 15278, 19369, 13092, 16974, 17432, 22299, 21083, 20418, 24227, 22927, 15993
22774, 13783, 24507, 24849, 16189, 21031, 12756, 21474, 23809, 16596, 22997, 19009, 20626, 23837, 16763, 12798, 21824, 15373, 17451, 22650
616, 24050, 6119, 3243, 7264, 9118, 1424, 9086, 390, 1632, 2063, 10847, 1488, 3988, 2876, 8744, 6795, 12495, 7667, 10368
16389, 24826, 16373, 18763, 15275, 16094, 22168, 24014, 22296, 14416, 15812, 24421, 19627, 23961, 16260, 12930, 23380, 19752, 12515, 14489
16934, 21921, 13654, 20498, 20809, 21938, 15531, 20140, 19579, 3527, 13916, 15848, 13670, 13299, 17626, 22066, 20932, 11340, 4045, 19189
18768, 20900, 20926, 19253, 20538, 20777, 22143, 20260, 16333, 21842, 15667, 14159, 14797, 24887, 18377, 23780, 15619, 4682, 19203, 15379
19986, 1393, 20002, 22083, 9173, 21241, 19374, 20436, 15429, 10804, 13086, 9863, 10735, 8924, 1741, 18944, 21439, 13572, 23032, 1175
22784, 23982, 17407, 15234, 12816, 17614, 16874, 20385, 13119, 20949, 15907, 12954, 16497, 16391, 15552, 19027, 14549, 14748, 24504, 18793
21579, 17814, 21191, 18133, 21208, 12983, 15470, 23982, 8331, 18902, 18840, 24084, 20515, 14839, 20689, 16497, 12881, 23868, 22656, 8008
22127, 18600, 6356, 16725, 15480, 23802, 18610, 18745, 13129, 16915, 22834, 15749, 21857, 14282, 13816, 22225, 22821, 14087, 16159, 17432
15444, 13228, 14599, 17658, 24041, 22997, 17038, 12909, 15600, 15826, 13506, 8896, 17613, 13129, 19533, 9962, 17360, 24887, 15227, 22036
13228, 23560, 19379, 17448, 17538, 15238, 16963, 14854, 18521, 13211, 16562, 17118, 15946, 13371, 21618, 13942, 18221, 21116, 22422, 24342
22057, 8798, 16609, 17818, 23477, 16976, 16967, 17686, 50, 13066, 14967, 12536, 12756, 15151, 18197, 19512, 20164, 23806, 6769, 20825
12635, 18179, 22921, 14637, 8345, 20571, 19082, 19795, 14729, 14329, 22533, 19925, 20532, 21241, 21810, 18786, 13101, 24367, 23799, 22735
24126, 16715, 23169, 17673, 24880, 23182, 15966, 20074, 13810, 22614, 17211, 21659, 14213, 19249, 22297, 22289, 15443, 15267, 23258, 24066
19339, 22264, 15590, 19630, 15597, 17936, 20608, 18862, 12840, 16543, 21423, 21510, 20025, 12930, 21865, 15876, 23270, 19302, 13666, 13140
11666, 24084, 18685, 17933, 753, 13100, 24133, 12688, 22824, 21347, 8391, 8103, 19399, 5587, 22991, 23761, 11355, 24066, 18133, 9492
22663, 22972, 8806, 19460, 15728, 21292, 17097, 16803, 24815, 22536, 22023, 15729, 20900, 12948, 24152, 15314, 24562, 14915, 20516, 16017
10295, 5230, 4385, 19407, 17022, 14139, 7899, 14137, 15719, 8999, 10942, 2324, 21578, 17210, 19406, 16553, 13344, 18549, 7660, 218
4523, 23662, 215, 12891, 5083, 15179, 20656, 15646, 24355, 20806, 9076, 14140, 1175, 13345, 13358, 12763, 13490, 17710, 23669, 14966
20691, 18705, 16617, 14604, 18015, 17999, 3781, 16684, 12759, 21439, 14517, 19612, 14854, 17001, 19093, 15366, 14191, 9817, 15380, 11571
