3152, 7884, 888, 6408, 6755, 5099, 8310, 4458, 5692, 2958, 910, 5906, 4808, 5022, 5854, 4892, 6725, 2553, 3942, 2663
2668, 4719, 5857, 7639, 5511, 6688, 7711, 4038, 1969, 3760, 5917, 4173, 2890, 6106, 215, 3019, 4418, 313, 2005, 2975
506, 3085, 665, 6993, 1213, 5886, 5712, 6835, 167, 1242, 3973, 7969, 7555, 525, 1355, 3892, 7088, 7557, 8421, 6135
2228, 3774, 5391, 6754, 56, 5524, 203, 1757, 6008, 6942, 1236, 5190, 2245, 5464, 4674, 2619, 8303, 5836, 8277, 6482
3523, 6361, 692, 6646, 8311, 6494, 427, 387, 2225, 109, 3852, 1237, 6263, 3022, 7713, 3227, 6473, 2055, 1901, 3345
2451, 1852, 4110, 2873, 8420, 1263, 4013, 3633, 255, 2239, 2291, 5882, 8302, 7471, 6412, 596, 8486, 4681, 4584, 1229
2967, 1786, 4512, 5415, 1976, 1003, 2173, 223, 6206, 8378, 1678, 7997, 7511, 5695, 5442, 7295, 3078, 8140, 682, 8485
4657, 7239, 7942, 7625, 7340, 3142, 235, 6228, 4231, 3035, 1663, 4820, 2513, 7693, 7221, 7187, 7247, 6633, 4358, 6362
2269, 962, 5493, 7911, 2781, 5173, 3950, 810, 4306, 3931, 8358, 4402, 1262, 6211, 2230, 2309, 7710, 4208, 934, 2402
1367, 398, 8275, 3688, 6095, 3531, 2504, 8055, 5922, 5093, 2099, 8323, 7126, 8026, 4243, 6391, 8286, 7768, 8367, 4873
1244, 7596, 6726, 7958, 2906, 3498, 7530, 3104, 8488, 2703, 7879, 5065, 5916, 5261, 2752, 5112, 1553, 288, 8304, 6691
5224, 6519, 4628, 7794, 2187, 3888, 2290, 1893, 5060, 5012, 5389, 2006, 5136, 4871, 1033, 5847, 2823, 7033, 1646, 5413
6915, 843, 1348, 7370, 6923, 6506, 8085, 4396, 6300, 601, 2896, 6046, 2340, 7564, 7020, 4387, 4747, 1698, 1018, 7042
3879, 813, 4018, 310, 8123, 7657, 2740, 3188, 7031, 1315, 5964, 6218, 8441, 7475, 8339, 1146, 5509, 4938, 6451, 7446
874, 2206, 1957, 5505, 738, 4441, 5068, 4733, 2422, 2021, 5560, 7121, 2189, 174, 4502, 2979, 2943, 2573, 3244, 3514
1724, 2069, 856, 3248, 3796, 7808, 2120, 3398, 3280, 7878, 6736, 1072, 3476, 6580, 6044, 6540, 6838, 8097, 3899, 7435
849, 253, 8279, 6889, 7658, 530, 7574, 7977, 4134, 2093, 845, 7598, 6818, 5603, 1309, 1219, 3451, 3116, 6612, 5253
7886, 6638, 4776, 2140, 5772, 2868, 4755, 8413, 318, 1405, 2498, 1775, 7198, 1782, 3155, 4089, 6545, 6359, 4498, 8237
7891, 32, 7507, 6907, 4937, 4944, 702, 4310, 1825, 2374, 2743, 6338, 2467, 5295, 1049, 656, 2738, 2244, 2863, 4930
4041, 990, 8478, 3434, 6082, 3316, 2014, 5217, 2194, 1346, 5779, 4178, 1726, 1858, 3273, 5690, 4492, 673, 5186, 3637
1581, 1866, 2577, 5828, 5177, 79, 665, 3829, 6505, 3729, 3454, 4961, 8289, 4221, 7929, 691, 2097, 1708, 4968, 1658
5593, 5373, 6661, 7402, 4457, 5212, 5457, 8149, 5508, 986, 2345, 1968, 5939, 3130, 2151, 7098, 7444, 5096, 8173, 7651
1046, 7856, 1169, 6993, 3702, 6280, 8088, 1495, 5425, 6918, 7228, 5639, 3738, 7053, 6592, 2192, 5879, 3996, 3922, 1449
4806, 3980, 6816, 869, 6790, 2305, 7214, 7221, 5889, 5784, 3610, 3247, 5504, 7577, 4273, 3598, 1430, 3857, 5715, 6906
1427, 7432, 5033, 1295, 8442, 6006, 965, 953, 907, 7154, 4667, 1738, 4860, 5125, 4204, 7700, 1837, 2678, 5185, 1999
7513, 7746, 2336, 8464, 3044, 5411, 8066, 5548, 4384, 3176, 7297, 156, 2873, 5027, 37, 320, 5061, 1433, 3704, 1660
3145, 4288, 2093, 1502, 5720, 793, 32, 5560, 4028, 4153, 4341, 3792, 4890, 1815, 5348, 4782, 100, 3347, 4954, 2021
6066, 5090, 3043, 5306, 6618, 2675, 7496, 2776, 6074, 7211, 6177, 4732, 4924, 2381, 5793, 8421, 778, 6723, 7557, 7903
740, 6715, 7339, 1184, 3639, 8268, 8238, 1753, 3699, 1027, 1278, 5271, 5725, 4461, 5385, 6986, 1983, 5409, 7835, 2949
1201, 6183, 2867, 139, 1397, 1677, 6352, 5609, 6391, 6849, 1963, 5257, 3292, 2475, 8246, 4275, 7995, 5650, 3716, 3733
6358, 332, 6451, 4864, 1031, 8074, 1639, 8199, 5144, 7313, 7502, 7710, 8278, 5432, 3791, 4565, 4987, 7587, 6645, 359
3842, 5555, 8396, 1088, 7136, 235, 1170, 8152, 8147, 4918, 7425, 5104, 7456, 6272, 3883, 1795, 6157, 748, 7961, 448
6916, 7406, 7058, 7915, 6179, 7361, 6719, 4155, 8331, 5006, 5716, 2422, 3414, 3989, 2041, 5127, 7890, 2723, 8318, 1438
4389, 6827, 5820, 4882, 2060, 1487, 7787, 1163, 5697, 7144, 215, 8235, 4335, 5872, 4038, 8423, 6725, 7066, 945, 6504
8417, 6328, 6803, 1967, 8368, 2563, 409, 3826, 7349, 5121, 1296, 6999, 5071, 4101, 1157, 2338, 4549, 8150, 6863, 6842
7408, 305, 4593, 3993, 1631, 8279, 8254, 3303, 420, 2193, 2692, 4286, 2077, 7750, 1876, 8184, 2963, 4070, 4039, 4898
999, 2037, 6106, 1924, 821, 406, 7494, 53, 2287, 1930, 3809, 1937, 3114, 1211, 8035, 3754, 360, 1429, 6331, 8183
4945, 2588, 4824, 5758, 8426, 725, 7743, 5854, 8153, 4999, 4448, 6346, 7517, 4955, 500, 1006, 6880, 1593, 1078, 8105
5846, 2394, 5385, 2557, 5083, 5703, 7093, 654, 8067, 4960, 8462, 1891, 6660, 2911, 8526, 7601, 4876, 4968, 8494, 4333
7791, 8406, 7009, 7165, 7519, 6629, 5362, 5810, 4937, 6409, 963, 6034, 3171, 4341, 459, 5637, 3437, 3534, 5832, 7172
313, 7512, 3605, 6129, 7783, 7528, 3900, 7022, 7692, 1017, 8029, 3767, 531, 1850, 6367, 3925, 7933, 6751, 7075, 274
7627, 5084, 7729, 7727, 4218, 705, 6427, 264, 3520, 8047, 4475, 4287, 6300, 6448, 5628, 3094, 6280, 6678, 4736, 3119
7732, 2632, 5317, 990, 3504, 2124, 6369, 7142, 983, 5336, 1273, 6851, 1461, 7629, 3499, 1247, 6526, 3787, 1632, 8146
6343, 4600, 45, 2399, 1227, 7016, 5454, 1966, 7757, 2501, 3527, 1507, 4447, 7958, 8379, 5405, 2404, 1999, 7286, 788
1275, 1866, 6946, 2501, 4912, 5000, 6847, 4617, 490, 3218, 5865, 1148, 4096, 6551, 3497, 4519, 8176, 5530, 2952, 1952
5659, 453, 4185, 3715, 3522, 8224, 2131, 711, 8182, 3725, 6919, 2286, 371, 1702, 3736, 159, 659, 2042, 6396, 1821
762, 526, 400, 4914, 2751, 5475, 1465, 1128, 5590, 7463, 6590, 4124, 2840, 1649, 2075, 2033, 2957, 956, 602, 1622
4881, 3395, 1644, 6021, 2500, 6373, 6539, 8016, 2462, 1611, 6150, 8441, 7725, 2765, 1352, 5710, 3697, 2927, 5934, 7685
4670, 3474, 4903, 3885, 5778, 4664, 6432, 7365, 3411, 3537, 4992, 7151, 563, 378, 8023, 7591, 1959, 499, 4059, 7638
6920, 3788, 84, 1201, 6972, 8084, 3018, 8087, 7011, 4584, 4541, 8377, 7806, 7423, 5651, 1195, 6193, 4995, 7546, 859
1817, 2427, 6497, 445, 374, 3600, 355, 4393, 7157, 1433, 4148, 5187, 5744, 2149, 4345, 7241, 8102, 5928, 3516, 5602
8064, 6916, 6606, 2138, 261, 3364, 5112, 6764, 1422, 5232, 4395, 6577, 3850, 3795, 6147, 435, 7662, 8028, 6657, 7187
3716, 129, 612, 876, 6498, 483, 7662, 498, 159, 4439, 4242, 6512, 3051, 8062, 7022, 2126, 5919, 8120, 630, 4370
6004, 3767, 7720, 4660, 8175, 7756, 2606, 2272, 2846, 5229, 3911, 4154, 5366, 1561, 1964, 2641, 518, 4089, 4335, 8488
7421, 2272, 7279, 1938, 3392, 7026, 3317, 3300, 864, 4639, 7595, 2464, 8398, 6461, 3311, 264, 1433, 349, 5393, 2320
7024, 4844, 4918, 2746, 1324, 2107, 5074, 4697, 6207, 7470, 4108, 4315, 8476, 7406, 5025, 1232, 2580, 443, 7368, 3131
1446, 5740, 5510, 1299, 4119, 1794, 4847, 6801, 3717, 3041, 7887, 5344, 7464, 6940, 6479, 5133, 1856, 7115, 449, 1827
1405, 1245, 4886, 3493, 747, 6520, 1184, 2497, 1666, 4956, 4705, 633, 7813, 6929, 4623, 4763, 2306, 507, 5804, 5997
2768, 6864, 8443, 7332, 4722, 2883, 4833, 2251, 2831, 540, 1448, 2064, 7684, 1129, 889, 2614, 2888, 168, 2986, 808
2028, 594, 4872, 7546, 5771, 5355, 4164, 7086, 8203, 1822, 8492, 4474, 4592, 7798, 3289, 2255, 3121, 5643, 835, 4295
6546, 5277, 794, 1433, 8275, 7621, 3596, 8280, 2108, 2685, 7272, 7241, 2146, 7356, 5629, 8133, 3160, 5664, 140, 5651
7817, 574, 2483, 1288, 158, 6513, 7799, 2300, 6212, 6686, 4713, 6841, 1207, 7357, 1075, 1087, 6260, 2158, 5054, 7335
1611, 6082, 6011, 6838, 1377, 4909, 7979, 3571, 5284, 7004, 6547, 7641, 5413, 5665, 8050, 2603, 8293, 7886, 1672, 6738
8086, 6814, 670, 7806, 8299, 3054, 1209, 1338, 5889, 3755, 4565, 1675, 8432, 6038, 2122, 4437, 6470, 3760, 1013, 5599
8229, 1002, 6040, 1711, 1473, 1281, 1848, 7279, 2708, 8499, 1363, 7592, 3346, 413, 637, 4159, 4485, 3824, 6116, 8192
7339, 7566, 2051, 3192, 2006, 6236, 7644, 1676, 4172, 2947, 1473, 1129, 541, 6424, 5378, 5755, 6201, 1499, 5462, 4923
5520, 5922, 1699, 3809, 7101, 2790, 2530, 1131, 2105, 5282, 1224, 7905, 8108, 5626, 136, 6949, 7849, 6831, 2710, 5016
6835, 5231, 1949, 1725, 6658, 1951, 6921, 5964, 8200, 5051, 2773, 6800, 8503, 4953, 3646, 434, 209, 7586, 5984, 4270
117, 1494, 6661, 496, 6330, 5787, 602, 7538, 7556, 3192, 6891, 4429, 2755, 3432, 3592, 2682, 4058, 4747, 8131, 6003
4946, 4023, 8302, 3254, 7076, 6764, 1424, 3341, 461, 6708, 6277, 8374, 3553, 6993, 4400, 1481, 8462, 2604, 307, 3224
3846, 8305, 2769, 3367, 4052, 6657, 3727, 4878, 2711, 3069, 1098, 3762, 368, 2343, 3360, 657, 8487, 2591, 3924, 992
3478, 3410, 6208, 8273, 2455, 1545, 4287, 5124, 3727, 2769, 1647, 3002, 8153, 6425, 1660, 5790, 8391, 1227, 5294, 1091
2930, 2499, 1929, 7142, 5300, 5933, 1112, 7591, 2915, 6845, 346, 6848, 3913, 5002, 838, 4619, 4227, 6588, 1738, 7974
7325, 3924, 7507, 6528, 3280, 1197, 6253, 785, 8473, 2015, 1094, 2738, 7338, 6019, 5710, 7875, 5976, 8464, 4939, 5222
5915, 8144, 2153, 7518, 6638, 6225, 6338, 6741, 6617, 39, 3883, 5390, 7182, 2489, 1083, 6812, 3757, 1800, 8472, 7625
2736, 2938, 6930, 4845, 483, 8493, 6202, 6659, 7920, 3818, 3420, 4839, 7960, 8, 5864, 7051, 6345, 7965, 8427, 5793
712, 2018, 6789, 5358, 4794, 7384, 6424, 3380, 8267, 6335, 6374, 6570, 5203, 3938, 4937, 2398, 7947, 6147, 8465, 360
3263, 1105, 1471, 3686, 2613, 313, 3035, 8519, 119, 254, 2148, 645, 4817, 8025, 1714, 3107, 4511, 200, 4345, 4664
8505, 6742, 1369, 5437, 4661, 358, 6381, 2559, 173, 5870, 4537, 5898, 5831, 6654, 7498, 3852, 5036, 4089, 675, 4024
6778, 8011, 124, 5387, 6242, 7295, 3451, 2592, 6369, 7899, 5579, 5734, 659, 7076, 3066, 3584, 4321, 4314, 929, 3296
8087, 3109, 934, 2986, 8146, 4722, 7697, 5900, 6454, 1565, 5334, 5925, 3298, 7684, 5168, 802, 6419, 4472, 7140, 1730
4301, 3316, 3474, 6462, 6217, 5982, 983, 1016, 1037, 5607, 1192, 5339, 7954, 5209, 5141, 2616, 3889, 6916, 4170, 3342
7221, 232, 8327, 6724, 2469, 1367, 7952, 4889, 1581, 7096, 5067, 3611, 3344, 2220, 8262, 1350, 6798, 7811, 4000, 1708
5438, 779, 1661, 7415, 1743, 7246, 1982, 5214, 5879, 2470, 2638, 3600, 8508, 5983, 6489, 6024, 3450, 6090, 2916, 4189
4316, 4484, 7388, 2263, 7144, 3075, 6699, 5731, 4662, 6648, 2860, 115, 4965, 4828, 2630, 4066, 4594, 7111, 4258, 5967
4934, 1977, 355, 5991, 1127, 377, 1180, 7550, 2976, 6995, 2089, 2485, 2675, 5972, 8252, 5307, 3753, 319, 4671, 146
6404, 2392, 2471, 2498, 7394, 8248, 212, 4932, 2626, 5800, 3957, 7821, 1826, 3224, 7761, 1175, 6432, 1386, 4734, 2562
4003, 5257, 4576, 3248, 3331, 639, 8222, 1252, 1085, 3647, 1978, 6563, 6576, 4919, 3896, 4940, 4517, 536, 3161, 7970
2940, 7143, 7779, 4113, 7299, 7307, 1899, 4863, 7623, 5774, 4501, 3423, 1900, 6236, 331, 7175, 1123, 2500, 4930, 1337
4618, 4841, 6787, 6451, 3096, 3196, 6245, 5488, 3732, 5443, 5188, 4086, 381, 4695, 8404, 6550, 6876, 2570, 4784, 8200
2065, 1802, 216, 1546, 5376, 5830, 8052, 328, 6962, 289, 3647, 662, 1134, 2728, 7329, 1348, 5014, 4697, 3065, 6143
2222, 1654, 6842, 2066, 5874, 119, 7014, 3018, 6161, 8486, 4730, 2875, 6826, 5348, 3164, 3743, 2023, 4925, 3009, 3685
2190, 344, 8386, 3593, 2157, 3093, 788, 4111, 4323, 5803, 2945, 685, 2128, 259, 799, 7769, 6991, 4624, 8220, 2771
5384, 7406, 553, 2507, 279, 5066, 7387, 4760, 3428, 4189, 4783, 6247, 2834, 7473, 2170, 857, 2763, 4232, 1276, 3609
1726, 7438, 6376, 4599, 6074, 2953, 1435, 353, 4749, 8107, 1706, 2784, 2800, 1321, 3245, 1621, 2587, 1520, 917, 3068
5981, 7574, 7219, 5232, 6049, 581, 7077, 5958, 2341, 4752, 376, 761, 1798, 6329, 6958, 3244, 3941, 7763, 6791, 6062
1659, 3809, 7846, 624, 8525, 1211, 7864, 7374, 3423, 6232, 8305, 2198, 3041, 561, 5207, 2436, 4958, 5897, 4378, 6420
910, 5841, 5881, 8140, 4875, 1780, 6021, 5750, 1555, 6140, 1507, 3499, 3830, 8342, 2881, 2641, 8085, 6419, 8323, 8398
1396, 5594, 1746, 7123, 4389, 6538, 5703, 2009, 1885, 5199, 4482, 8124, 6316, 1112, 6680, 6995, 6305, 4166, 5576, 5969
1215, 6447, 3453, 5580, 6435, 1491, 2688, 5164, 5088, 8431, 6969, 4324, 2214, 7879, 3382, 2555, 5432, 5552, 5006, 4457
445, 3971, 6022, 2667, 544, 3356, 7860, 5478, 3703, 2120, 2961, 253, 942, 185, 1252, 7034, 8256, 4903, 5268, 1398
5857, 199, 87, 3970, 2325, 1969, 4213, 3679, 7300, 3100, 2669, 7612, 988, 7940, 1350, 993, 7110, 4052, 4144, 1431
5802, 260, 4702, 7448, 5073, 6910, 3172, 5142, 3568, 4838, 3482, 5105, 3857, 8194, 4396, 3151, 585, 3497, 6884, 5157
7238, 8501, 7715, 3336, 908, 6057, 6292, 4901, 5259, 7331, 8061, 6556, 1182, 5620, 4178, 4411, 96, 7747, 4794, 1430
5864, 6365, 8281, 6041, 8068, 4127, 2450, 4363, 4303, 431, 5009, 7064, 3527, 1224, 795, 1007, 6295, 1687, 6094, 7978
6199, 4146, 4465, 4767, 1298, 4923, 5459, 2699, 406, 2102, 3938, 2459, 2288, 7854, 3618, 7087, 2375, 4585, 5562, 8308
7108, 5155, 3099, 8004, 6607, 3142, 5092, 264, 4992, 1488, 1932, 436, 3883, 5945, 3988, 2323, 4379, 1846, 6290, 1127
7895, 4613, 6044, 7641, 6813, 4724, 5533, 4895, 3432, 6521, 6632, 7256, 3468, 4530, 6257, 7338, 6858, 7199, 6249, 1987
3502, 5774, 6612, 1621, 478, 2837, 8115, 4133, 6851, 3771, 7233, 5398, 959, 4067, 8527, 791, 932, 3552, 7588, 249
2033, 8027, 5430, 7314, 3369, 5382, 222, 8202, 791, 1870, 4725, 8074, 5789, 3133, 2902, 4479, 5834, 6216, 2882, 8080
967, 3714, 1695, 1687, 4249, 6230, 5443, 7687, 2125, 1716, 3730, 3048, 6192, 3143, 1071, 303, 1566, 6930, 3019, 7935
3246, 1330, 1252, 6276, 5423, 2465, 7039, 5190, 2814, 7095, 665, 3921, 7623, 8435, 4271, 5590, 5873, 1794, 3613, 4353
8473, 2740, 3767, 5429, 387, 639, 5474, 549, 2078, 1302, 4623, 486, 8467, 1086, 4972, 606, 2859, 1387, 3189, 6415
4174, 704, 3529, 8275, 2708, 7686, 844, 6359, 7805, 7250, 2381, 7945, 5541, 8345, 6963, 4303, 1338, 4296, 4292, 7073
4149, 6826, 4626, 6316, 2000, 3333, 4778, 6355, 1780, 155, 5717, 4504, 2854, 5439, 5366, 4998, 1224, 5081, 120, 3389
6905, 4544, 823, 1353, 5103, 7241, 4002, 2713, 2900, 6393, 6627, 8257, 2198, 925, 4399, 8502, 7084, 2538, 7813, 5699
2625, 7098, 2717, 6123, 837, 4126, 6204, 6243, 2835, 1499, 6690, 8167, 717, 5051, 54, 526, 6787, 3601, 818, 2409
7150, 3847, 1521, 284, 748, 1892, 6705, 6063, 2393, 1959, 5589, 2470, 1760, 6757, 7518, 3987, 6653, 8213, 151, 1478
850, 8288, 5582, 648, 8078, 528, 2706, 8182, 1915, 1204, 3964, 827, 6805, 2241, 1457, 4356, 2379, 5508, 3251, 4243
7392, 6635, 6640, 7124, 4956, 6338, 3787, 8427, 1229, 7384, 7593, 2559, 7133, 6377, 7941, 7108, 558, 5258, 3952, 6345
6927, 4555, 1723, 5142, 7390, 2630, 6126, 6025, 1416, 3129, 1471, 2326, 6741, 6844, 4747, 5298, 5922, 1996, 6981, 6531
1003, 4801, 4907, 2853, 4598, 2045, 1124, 8368, 3323, 1219, 3207, 7633, 8512, 2565, 3271, 2247, 2511, 3931, 4032, 632
7778, 2412, 2108, 472, 6882, 3541, 4410, 5830, 2361, 7741, 7760, 6012, 658, 7171, 5267, 7361, 3033, 5640, 8383, 7507
7448, 4560, 7976, 1447, 1475, 6360, 5118, 3504, 3523, 1964, 599, 1971, 3234, 8389, 2237, 1725, 5734, 6522, 5921, 7815
3753, 5052, 5178, 7339, 4923, 5915, 5450, 3864, 2562, 4624, 3818, 7960, 634, 4825, 623, 2480, 2665, 5725, 4646, 3059
1732, 679, 3025, 6929, 4690, 4071, 1182, 2239, 4890, 6535, 7719, 8111, 6683, 473, 5844, 8158, 1000, 2089, 139, 5284
1538, 5789, 2784, 4594, 3097, 5706, 4722, 6138, 3517, 7223, 535, 3763, 7673, 7184, 7161, 6983, 934, 3114, 5922, 6088
2193, 7232, 3097, 112, 70, 8356, 171, 711, 4073, 1871, 7557, 2940, 764, 3697, 4418, 2763, 3984, 6112, 3850, 7991
8182, 2444, 4197, 7146, 5009, 7482, 2553, 8108, 6045, 4937, 2001, 4524, 4145, 4519, 3683, 6541, 3933, 5676, 6335, 1303
6412, 1631, 4439, 1110, 3172, 7416, 4699, 7359, 5832, 6978, 5306, 3919, 8294, 888, 5998, 2559, 3953, 1637, 8080, 6533
3112, 1456, 2635, 4204, 8205, 8196, 697, 1400, 1606, 5203, 952, 4639, 7004, 4054, 8526, 4308, 6428, 322, 6919, 5404
411, 3380, 3801, 6173, 6862, 874, 8489, 4564, 2847, 4476, 859, 5533, 8094, 5562, 8115, 4072, 1154, 4265, 7556, 5780
2420, 1431, 780, 3722, 5336, 2103, 3048, 596, 715, 5499, 6946, 3408, 2246, 1752, 250, 6380, 1997, 7817, 2434, 7217
6689, 1537, 7086, 5158, 157, 800, 5127, 7967, 6662, 878, 2628, 1725, 8393, 3646, 1855, 6488, 2840, 2748, 7383, 7005
7198, 6769, 5711, 94, 6565, 2080, 2668, 7372, 1643, 7623, 6362, 8078, 4943, 4866, 5505, 5370, 3295, 2826, 7454, 3809
360, 4373, 6605, 4453, 6348, 3921, 1233, 1434, 5279, 1307, 1717, 7494, 4944, 7173, 4099, 2936, 4689, 1849, 2230, 4736
1318, 4732, 7649, 8082, 2127, 2159, 2175, 1068, 1709, 7068, 6943, 1128, 3222, 3601, 3709, 4023, 4468, 1207, 5631, 8010
1281, 7250, 6233, 8451, 799, 5934, 8514, 585, 451, 1508, 558, 1706, 3367, 2846, 5509, 8321, 8123, 2065, 1325, 2276
6046, 1448, 5487, 6767, 2530, 3800, 2493, 4007, 7121, 2619, 3948, 492, 5819, 6708, 2892, 751, 5333, 4909, 2447, 1253
6772, 1202, 5436, 2625, 5368, 3297, 4498, 4644, 7971, 815, 7931, 1330, 5844, 2096, 2696, 5247, 8192, 220, 8464, 2825
1475, 5073, 6783, 494, 5907, 2015, 3390, 3364, 4844, 6819, 4829, 6422, 4338, 5702, 5936, 4810, 4282, 503, 7031, 3051
3013, 6986, 2354, 383, 2312, 1703, 3767, 6001, 598, 4251, 315, 2597, 2079, 6432, 5097, 2255, 6832, 5658, 5829, 5782
2548, 6763, 7784, 3793, 8224, 4340, 6632, 1884, 6493, 3728, 242, 7286, 2966, 8518, 6274, 1504, 3493, 881, 4733, 4485
6247, 25, 1639, 4719, 306, 5778, 745, 4484, 7214, 8417, 7228, 2035, 1526, 4195, 809, 3744, 3705, 3681, 4743, 6040
4389, 4989, 808, 3326, 3333, 3692, 4166, 168, 3957, 4227, 7459, 2005, 1666, 2614, 3488, 2054, 3507, 3603, 7902, 5113
1428, 6091, 3299, 6940, 6484, 3320, 1037, 4971, 3109, 4997, 764, 5887, 8201, 1840, 5592, 4603, 7981, 2709, 1824, 1597
462, 7143, 6717, 1638, 6331, 240, 1143, 1573, 8112, 5524, 5725, 5336, 4011, 7934, 603, 4946, 3407, 3883, 3963, 8410
6694, 4214, 3938, 5453, 1318, 4461, 7871, 8440, 3080, 2748, 2950, 3956, 6457, 4153, 3142, 6077, 4991, 738, 2522, 1406
2151, 5812, 7172, 7598, 6777, 6890, 5969, 5904, 6797, 5063, 6041, 2578, 8207, 7923, 3030, 7687, 205, 5931, 5418, 5611
16, 3813, 4988, 2415, 7496, 2564, 3682, 4251, 6450, 1554, 8299, 6838, 6489, 2176, 1039, 8068, 3210, 3644, 110, 4756
7062, 6859, 2472, 2678, 4921, 7110, 5041, 8339, 7461, 2276, 7878, 2177, 4028, 363, 1358, 6141, 1050, 2338, 3096, 1641
5380, 4172, 837, 2425, 6944, 5351, 7524, 822, 4796, 1113, 3792, 6715, 6919, 1593, 444, 743, 6558, 6014, 5467, 4766
6446, 6967, 8387, 7414, 3548, 5841, 1296, 8107, 4703, 3777, 3981, 3183, 4343, 549, 6589, 5037, 7745, 5918, 3882, 686
1662, 7355, 2348, 7165, 1356, 816, 3247, 7141, 6801, 3643, 4894, 147, 398, 2419, 2013, 8016, 8503, 47, 6908, 2612
4130, 8471, 6204, 7215, 1717, 6203, 2648, 7359, 5442, 1071, 2664, 6750, 2952, 3898, 3941, 812, 4596, 4142, 2819, 6410
3820, 6970, 4410, 542, 7732, 6152, 372, 4152, 7706, 5606, 4048, 3036, 4250, 4295, 5529, 2245, 7762, 3112, 8192, 3233
2696, 6993, 3844, 7298, 1525, 3523, 6296, 4889, 1005, 2865, 287, 3461, 1644, 6412, 165, 7629, 6415, 5239, 3851, 5367
6562, 804, 4477, 5717, 4851, 8297, 3879, 5283, 8030, 2349, 4923, 3983, 5154, 4059, 1098, 5376, 3794, 5971, 190, 5630
3192, 524, 4825, 5823, 4373, 983, 7952, 7631, 5961, 832, 4285, 3743, 4758, 6172, 1845, 8422, 172, 6125, 7078, 5922
4660, 2089, 6804, 3835, 3680, 3909, 5424, 5684, 442, 8144, 7563, 2164, 6344, 1173, 7712, 5686, 5680, 4503, 5795, 84
