7008, 1003, 5755, 5639, 5585, 4616, 5571, 6022, 5166, 7249, 2503, 6646, 3412, 664, 6901, 7217, 7984, 1336, 7279, 4143
5098, 5380, 7529, 6028, 2489, 4233, 3650, 1223, 364, 7515, 8210, 6293, 632, 5892, 3664, 4154, 2824, 4085, 5424, 8494
4118, 5069, 6997, 349, 2417, 3727, 2495, 2333, 5061, 6111, 1341, 5087, 964, 5596, 2343, 1823, 6842, 2680, 3508, 7846
6786, 7476, 974, 1487, 4440, 4255, 4790, 5632, 2864, 5187, 7560, 7678, 3074, 5697, 5893, 3474, 742, 3194, 2486, 4234
5888, 1365, 3732, 3793, 2878, 6234, 951, 2357, 7432, 7604, 2027, 6137, 4744, 2046, 3514, 7700, 523, 1518, 1024, 558
4602, 8102, 2, 2685, 6121, 2323, 367, 8281, 3351, 7642, 2083, 4076, 2862, 1905, 4195, 1884, 1868, 1697, 6486, 1672
2557, 3097, 3402, 4080, 3797, 4398, 7963, 7103, 7891, 3487, 4582, 3248, 1643, 3180, 5395, 2613, 383, 7840, 3317, 7887
5321, 6180, 7315, 7093, 8288, 4613, 4838, 7552, 8204, 7868, 6578, 6284, 6152, 4315, 4587, 8423, 7313, 7114, 6639, 5010
1295, 1573, 7308, 2383, 5218, 5786, 1110, 4285, 6351, 3257, 391, 4423, 5900, 8350, 5399, 6930, 8218, 2916, 2676, 5939
2793, 4865, 7043, 3372, 4773, 5818, 2430, 7205, 3927, 5530, 7492, 7820, 3985, 2374, 5417, 4702, 7627, 473, 3081, 7830
7026, 121, 4421, 3199, 5375, 7978, 6936, 4306, 4549, 2006, 502, 4948, 2190, 5072, 2326, 7376, 6080, 5234, 6550, 5662
347, 2319, 3818, 3593, 921, 1227, 4173, 2644, 2646, 4443, 6972, 4288, 3741, 2946, 1036, 1374, 7753, 7034, 8372, 5077
689, 613, 862, 888, 6402, 7074, 4249, 6326, 745, 4784, 629, 255, 5702, 3371, 1658, 4126, 330, 69, 4619, 3121
2838, 1346, 3233, 817, 1797, 865, 6311, 7458, 1118, 3549, 1932, 788, 6991, 3712, 5388, 7828, 4501, 1841, 8054, 3461
6634, 3744, 6590, 5154, 5911, 4491, 4128, 154, 6688, 3615, 791, 1088, 7617, 6643, 7486, 3991, 4007, 418, 5930, 7048
5128, 153, 4064, 654, 1886, 8093, 7760, 4009, 3038, 5443, 2817, 6244, 3318, 2262, 140, 770, 8455, 6640, 1586, 2636
6630, 3001, 5382, 6215, 8254, 2291, 6221, 4926, 6564, 4931, 8228, 6527, 1645, 6152, 181, 6981, 7550, 2784, 6052, 8078
4564, 491, 3972, 7371, 4943, 7245, 2609, 3234, 4837, 602, 3319, 6812, 3975, 213, 6021, 4357, 2886, 1377, 2946, 6646
5681, 5840, 5091, 5070, 8130, 5835, 4266, 1522, 3659, 5125, 2814, 7897, 6807, 3552, 3714, 1987, 7309, 6891, 4975, 8284
7690, 2477, 7415, 2115, 5365, 8268, 7057, 4117, 5211, 6839, 8158, 5565, 1687, 5849, 5249, 7855, 3513, 6688, 8194, 2048
317, 8346, 1145, 51, 4693, 3053, 5594, 5095, 959, 3030, 4531, 8160, 5595, 4532, 6242, 2717, 8050, 7700, 2188, 6458
4782, 2805, 2796, 5778, 1200, 3271, 1622, 5944, 4678, 8120, 4139, 5005, 6004, 7452, 4934, 857, 8026, 2338, 1825, 1844
1060, 7402, 8218, 7467, 1846, 4655, 4938, 7005, 2495, 6008, 1104, 6092, 1778, 1823, 767, 26, 2084, 3002, 2943, 8250
1745, 1224, 7929, 2217, 7455, 547, 3241, 6080, 4143, 7423, 5462, 208, 3306, 121, 5311, 4119, 7560, 3500, 3459, 3829
3128, 4137, 5651, 457, 448, 2403, 3821, 6271, 8361, 5806, 3349, 867, 1510, 294, 5405, 1904, 1249, 7157, 3902, 3797
2431, 283, 6590, 3786, 8436, 7753, 8102, 6842, 765, 4985, 3298, 7047, 2486, 6033, 151, 8165, 3744, 2313, 5792, 4030
7870, 495, 6652, 8499, 7353, 927, 3876, 255, 4339, 6280, 1332, 1296, 4444, 5508, 910, 4813, 8317, 1646, 7535, 6200
1427, 7053, 7848, 7397, 2823, 7233, 7678, 3051, 3010, 7687, 575, 660, 8143, 131, 2679, 4310, 2443, 7812, 1802, 4956
6871, 6474, 8105, 6001, 4335, 4663, 2957, 4904, 1069, 4014, 2089, 6351, 6960, 405, 6911, 2744, 5739, 6785, 4287, 7763
6236, 6331, 6958, 3169, 293, 5919, 7581, 6316, 5172, 2454, 6157, 3609, 5349, 4017, 5377, 4880, 1840, 6418, 8036, 3927
4303, 5695, 5482, 7090, 2906, 5606, 6065, 18, 6059, 2628, 7073, 3655, 6502, 6057, 6553, 6851, 1357, 5175, 2088, 745
6802, 3553, 7864, 2974, 8352, 5579, 5775, 6862, 3968, 5090, 6184, 6946, 7043, 8523, 7730, 4288, 4695, 8409, 6306, 7076
5353, 3278, 5487, 7832, 7607, 6826, 1395, 8135, 495, 8131, 7187, 203, 5998, 7453, 6236, 5031, 3256, 1097, 656, 7969
8369, 6255, 8491, 7845, 3880, 3822, 1671, 5103, 261, 1862, 3102, 5119, 2132, 1633, 6517, 7598, 5980, 3963, 7543, 4110
8373, 5128, 5304, 7311, 3410, 5874, 3021, 7548, 3978, 7170, 7795, 2075, 6609, 1595, 8159, 742, 2234, 2254, 2322, 5818
6642, 7386, 1448, 1730, 5726, 1175, 1470, 1323, 7279, 6777, 6026, 8396, 8014, 5955, 5711, 5755, 6490, 5472, 6967, 856
2897, 4690, 5379, 4927, 1367, 6551, 1458, 1273, 4893, 4646, 7672, 6004, 3770, 4647, 26, 7538, 7744, 5475, 7792, 1054
4128, 4744, 6666, 6082, 3664, 6908, 6827, 3322, 5305, 1846, 1835, 4254, 3121, 2974, 1204, 7798, 3071, 2360, 8054, 3502
2739, 7536, 3826, 424, 6992, 1794, 4784, 7, 1927, 1365, 2188, 7778, 4813, 7562, 7945, 7699, 908, 6979, 2839, 1643
603, 2058, 880, 8474, 6418, 3731, 2319, 3900, 2326, 5631, 2495, 7171, 4301, 5651, 8343, 2890, 2568, 4423, 2841, 7794
8165, 5320, 6720, 8012, 7833, 7373, 4266, 7157, 3044, 3683, 3923, 1881, 862, 6195, 1696, 5077, 4474, 4127, 7814, 2721
3512, 887, 5282, 1669, 963, 8462, 6884, 6842, 4311, 8038, 2570, 2228, 6408, 870, 6021, 2526, 5607, 7102, 1567, 2715
8097, 2826, 205, 3025, 6543, 3959, 5155, 4036, 1542, 2421, 1619, 8003, 7313, 2599, 6612, 8427, 3422, 4819, 1748, 4989
5984, 5249, 605, 832, 6227, 875, 7247, 2884, 2216, 7743, 5948, 864, 2870, 6606, 5324, 7415, 4929, 6782, 4198, 6625
3522, 7007, 6942, 1294, 4520, 3563, 566, 6200, 4713, 6427, 7005, 153, 7341, 2678, 7297, 3579, 8511, 482, 7517, 2578
6171, 6998, 6080, 4629, 5273, 7641, 8200, 7510, 317, 5999, 4408, 4604, 7757, 5817, 505, 7789, 8120, 6271, 6034, 4085
8306, 7370, 2692, 6306, 6394, 5917, 8145, 2198, 3462, 7295, 4853, 7255, 6593, 4547, 5595, 332, 7239, 3804, 384, 6890
660, 2795, 3294, 5606, 5718, 6550, 5476, 439, 7891, 1379, 1393, 7291, 344, 3423, 2722, 7280, 7978, 7223, 6693, 7301
5657, 8376, 3634, 5724, 5867, 3533, 125, 1148, 1213, 25, 3160, 8502, 344, 1846, 8421, 4145, 7080, 3805, 6142, 1488
6350, 8281, 7238, 8247, 2329, 3053, 3312, 8225, 723, 5376, 5739, 3110, 8505, 7206, 5180, 3587, 7377, 6667, 809, 6361
6025, 617, 1254, 1646, 659, 6634, 8122, 2147, 7458, 1358, 5438, 5161, 255, 1770, 5788, 1835, 2641, 8331, 5945, 4065
4741, 5606, 151, 2119, 7832, 1421, 6013, 6562, 8358, 8498, 2421, 4323, 2167, 7965, 4838, 6696, 5112, 4848, 7836, 4251
3985, 4353, 5000, 4591, 223, 5100, 7026, 305, 7228, 2131, 4562, 5486, 7329, 6410, 5755, 6915, 6517, 4249, 4143, 6563
6557, 6992, 5378, 7347, 5234, 110, 7466, 4721, 7986, 8506, 4740, 5664, 7175, 3068, 3384, 880, 2926, 4379, 7567, 7449
1669, 7503, 6870, 5256, 5294, 3035, 5258, 2162, 6128, 3764, 8361, 6435, 4527, 8217, 4410, 1619, 5260, 6281, 1303, 3922
2003, 4601, 5073, 1357, 4829, 7817, 2216, 5476, 7578, 874, 2112, 912, 6535, 5730, 5806, 3520, 655, 3400, 3988, 1161
7758, 6904, 1748, 7816, 3279, 5246, 2720, 6349, 1712, 5778, 831, 2716, 7311, 1889, 8445, 6862, 8202, 1995, 6108, 2643
8110, 934, 1587, 1643, 1266, 8375, 2787, 5696, 3114, 792, 8436, 3134, 8099, 7574, 1554, 3732, 5058, 3016, 1763, 2564
1327, 2153, 397, 4444, 1944, 1149, 6478, 2946, 2447, 1570, 5872, 6767, 6326, 7842, 2814, 5923, 4450, 2711, 1794, 6598
6537, 1942, 471, 2651, 8297, 5734, 2538, 2458, 5204, 2175, 6851, 7793, 3438, 4648, 6445, 414, 6112, 6015, 6280, 5835
2942, 1866, 4639, 6635, 105, 1334, 7593, 8371, 4568, 1724, 4303, 263, 4344, 4755, 316, 4130, 7135, 5142, 5009, 2423
2841, 2845, 2297, 3259, 528, 4355, 8269, 1585, 7812, 1343, 1516, 2364, 5331, 2650, 5719, 2749, 794, 295, 1126, 1407
1602, 5373, 2599, 5536, 4416, 3089, 7114, 3179, 8207, 8027, 3843, 2584, 2386, 6488, 6522, 5499, 5305, 4425, 5793, 7088
8344, 2455, 684, 2356, 7644, 6492, 5826, 4873, 1774, 1682, 882, 4547, 4133, 1200, 1284, 1323, 4300, 1424, 2373, 8226
8178, 2909, 5023, 5486, 3173, 7622, 3566, 4149, 8508, 712, 1734, 260, 5671, 6063, 2326, 7343, 1156, 3000, 6298, 3043
2979, 1746, 6418, 6379, 2789, 8199, 682, 5995, 7763, 5552, 210, 4246, 2418, 5767, 491, 5025, 1887, 58, 6017, 743
7917, 7937, 6805, 376, 6094, 3105, 6842, 8488, 7960, 792, 3035, 1728, 1001, 3602, 6963, 5718, 1818, 5234, 5854, 1052
1829, 3295, 7387, 1270, 3044, 1314, 6570, 6637, 979, 2940, 8143, 1862, 5756, 28, 2234, 4921, 6991, 1204, 3845, 3199
1201, 1730, 223, 8176, 7700, 4137, 3995, 5024, 5651, 1088, 7255, 7723, 696, 1170, 7616, 1168, 7099, 951, 5011, 7595
7038, 1200, 929, 2787, 5269, 4507, 3748, 5706, 8192, 7586, 2696, 7073, 461, 7331, 8517, 3357, 3804, 8213, 264, 1573
5607, 3579, 7221, 5314, 2004, 5560, 3146, 1775, 5894, 8194, 6703, 3451, 2693, 3348, 3876, 252, 848, 7359, 2862, 3459
5921, 2530, 2560, 5328, 3885, 2180, 7203, 3925, 1195, 6056, 369, 6353, 956, 3219, 2330, 7258, 1208, 2438, 57, 145
6553, 6936, 7904, 4075, 6758, 263, 1866, 4678, 3229, 2319, 3771, 1503, 4674, 512, 8028, 6662, 231, 7985, 6772, 5664
6858, 4384, 8352, 6665, 4726, 4999, 4424, 5676, 5155, 6720, 4133, 6870, 4109, 2726, 2687, 1554, 7067, 757, 6140, 4618
1643, 447, 3980, 8436, 6447, 7400, 6367, 8104, 7515, 7020, 4658, 5590, 2553, 4624, 3317, 7313, 2943, 7257, 6449, 7813
4487, 8011, 4049, 1259, 1057, 5198, 548, 4334, 6642, 5864, 8365, 4685, 910, 1295, 4654, 6107, 723, 2208, 4913, 3893
655, 7766, 5504, 415, 5282, 7187, 6862, 121, 6884, 3824, 554, 6658, 4112, 3549, 30, 2464, 2092, 7505, 1, 1569
5175, 5086, 2017, 7617, 4803, 4629, 5127, 7009, 3277, 6527, 6713, 5239, 4503, 4276, 5274, 5294, 8226, 294, 6630, 5258
5868, 7686, 1687, 6443, 1509, 2565, 6364, 4706, 5587, 2486, 2799, 5917, 6090, 7720, 7948, 4633, 6426, 3994, 3732, 6525
7358, 1558, 2394, 4643, 8356, 4714, 1311, 1679, 4325, 2094, 4315, 8248, 2027, 4004, 5484, 3420, 8032, 8218, 7909, 6483
6600, 6343, 6455, 1836, 5853, 5299, 7528, 4604, 4570, 1202, 6141, 7887, 5265, 1171, 5331, 2165, 4528, 383, 5765, 3239
4494, 1914, 6972, 4542, 8494, 127, 2153, 1646, 4969, 5376, 2839, 6921, 3950, 6219, 4521, 7809, 1952, 7472, 174, 7759
2438, 3775, 2876, 5287, 5559, 1959, 6512, 6946, 5990, 4242, 3220, 6128, 377, 6593, 922, 514, 3899, 3982, 483, 2122
1532, 3910, 6983, 6934, 6841, 7397, 6670, 4300, 6544, 6319, 8015, 4525, 7613, 5097, 5106, 441, 1500, 8469, 1438, 3916
1383, 8151, 917, 1453, 6506, 3583, 4092, 602, 4221, 8420, 3318, 3154, 2478, 6553, 7133, 308, 2103, 2234, 1524, 1354
7945, 7631, 2588, 1825, 7099, 4314, 5082, 7329, 420, 8504, 4678, 5824, 5767, 7574, 6985, 2943, 5446, 3522, 293, 5462
2112, 5090, 3923, 6461, 5324, 2834, 7565, 7364, 464, 6586, 3357, 1658, 8152, 5085, 2208, 7550, 6201, 153, 1493, 154
4229, 4712, 2337, 4882, 5520, 7732, 4080, 1814, 3512, 7766, 6328, 6909, 1350, 7859, 684, 8027, 3829, 7823, 5140, 425
1620, 810, 7783, 7710, 113, 908, 4819, 3031, 2908, 8207, 6916, 834, 7535, 7942, 6853, 8036, 3008, 4994, 4499, 5889
973, 4780, 1991, 8449, 5728, 3146, 3593, 5086, 1297, 3301, 880, 5399, 54, 7542, 3843, 5706, 2417, 4670, 1746, 6503
3248, 2084, 8248, 306, 4607, 1774, 1239, 3478, 3370, 7686, 5199, 4852, 1751, 7108, 969, 742, 3437, 3814, 7524, 3546
5793, 4735, 6859, 7463, 3789, 1643, 2521, 7797, 5891, 6612, 3553, 7067, 5504, 3764, 2338, 1434, 1531, 6984, 7717, 2730
3462, 1187, 6603, 7857, 6509, 7963, 415, 419, 5560, 5059, 8212, 7932, 1621, 3753, 6943, 8505, 8310, 6212, 2906, 5447
1284, 8024, 2, 1334, 1082, 1235, 426, 1357, 4065, 2592, 3016, 5218, 5948, 5904, 7312, 1509, 3788, 2073, 6918, 223
2003, 944, 7698, 333, 26, 2024, 7762, 7503, 4763, 2462, 5646, 2715, 6801, 5850, 5861, 3609, 6736, 5273, 8409, 6026
5908, 723, 2273, 5214, 1784, 6640, 5185, 4238, 8199, 2345, 159, 3974, 3096, 4425, 831, 4489, 6418, 8237, 6246, 1120
5537, 4789, 3892, 3971, 511, 1164, 181, 4081, 2339, 2202, 2437, 5823, 7346, 3071, 2112, 1100, 5856, 2241, 1759, 2541
3711, 438, 594, 130, 7381, 2619, 7828, 4645, 717, 7210, 4216, 6928, 7537, 6590, 3720, 4675, 7192, 1516, 1123, 16
1691, 5723, 6765, 1907, 3726, 3180, 1481, 5824, 3014, 362, 1615, 5182, 4073, 3979, 6658, 526, 6922, 7711, 3377, 3252
4572, 7406, 5970, 2383, 3610, 4864, 6871, 5756, 5298, 3074, 4799, 4384, 1885, 4783, 758, 1209, 2473, 7868, 7694, 873
812, 4112, 1374, 7627, 4866, 4164, 7467, 7235, 7611, 1621, 5507, 5344, 3030, 7619, 243, 7730, 4590, 5530, 1623, 4919
5222, 5005, 4238, 6523, 7785, 7149, 5003, 1902, 4591, 5187, 3607, 8278, 5671, 1060, 4308, 4585, 3248, 7552, 2907, 3471
3685, 4359, 128, 5028, 8091, 6488, 2550, 1704, 5435, 3389, 4629, 4855, 7021, 8343, 4806, 7117, 7470, 5378, 623, 1619
4674, 6551, 4117, 2029, 7765, 5682, 7815, 5305, 834, 6791, 3025, 7329, 6617, 6660, 1245, 1448, 5632, 5646, 5948, 5858
245, 6105, 6078, 1057, 4550, 1388, 7649, 5868, 596, 4879, 7824, 5086, 6680, 6942, 2397, 2910, 5244, 6065, 1088, 7452
8350, 4481, 5549, 448, 3887, 6512, 7457, 4505, 6345, 974, 7678, 3548, 5520, 4897, 7524, 1144, 4143, 1297, 6211, 29
8288, 2538, 94, 1168, 8479, 2719, 7415, 5708, 1657, 2089, 7519, 7823, 7978, 4330, 69, 3767, 5249, 1817, 4135, 7836
607, 6923, 4566, 8468, 1723, 3993, 5776, 882, 33, 1175, 3220, 1920, 6125, 5895, 5596, 3563, 5253, 2386, 7644, 6749
5027, 3322, 518, 8105, 4816, 2058, 8204, 5833, 8259, 6184, 3282, 424, 4627, 418, 8385, 7157, 2228, 4893, 5638, 6013
4851, 427, 6256, 6367, 2945, 8267, 2515, 2154, 4643, 6746, 6901, 8277, 56, 6136, 6840, 802, 6606, 632, 635, 5757
7689, 4014, 3010, 8386, 4172, 4229, 2461, 7902, 5295, 3833, 2769, 2337, 1724, 2829, 1043, 5420, 575, 6761, 2942, 548
5319, 6010, 1067, 7713, 7709, 3352, 3474, 4898, 2793, 6553, 3986, 2799, 2044, 6916, 4127, 2666, 7803, 3895, 5036, 908
39, 5333, 2292, 6198, 2719, 5331, 3058, 8456, 902, 3964, 4097, 4482, 1152, 973, 2413, 2730, 4449, 1646, 5507, 7247
5941, 6318, 1252, 1624, 5113, 7108, 669, 5154, 1843, 4582, 2135, 3905, 2085, 6919, 6812, 1704, 5972, 3507, 1789, 4065
1903, 7800, 7426, 7398, 6627, 5596, 5185, 4437, 603, 3240, 2330, 1496, 2053, 910, 1973, 7818, 4258, 3506, 5775, 6389
382, 4501, 4403, 8325, 2631, 6479, 206, 6593, 2237, 5218, 5820, 2778, 482, 451, 2055, 6851, 7374, 2468, 1168, 4588
7104, 409, 6397, 6752, 3581, 2592, 243, 2374, 7521, 4594, 1625, 5198, 4946, 6787, 8513, 6235, 872, 8120, 3593, 4075
8126, 7353, 7689, 301, 488, 7779, 3170, 8069, 5364, 3500, 4313, 7397, 3910, 7918, 5609, 1043, 3562, 8436, 214, 440
6433, 4759, 6078, 7294, 4323, 8318, 2216, 7901, 5377, 2848, 3820, 6520, 6476, 4982, 6229, 7843, 5532, 2637, 590, 834
6269, 2254, 6797, 8478, 2806, 6886, 3537, 742, 2701, 5849, 7249, 2437, 6136, 6694, 8036, 2455, 6654, 4583, 97, 2462
5828, 6082, 2282, 5662, 7406, 7172, 7418, 3485, 874, 639, 3726, 4619, 7514, 5610, 7334, 4015, 4733, 6455, 2976, 66
4424, 3229, 7027, 6972, 1216, 5565, 1464, 1499, 7574, 471, 8058, 5931, 6743, 4007, 56, 5603, 8218, 6744, 6516, 1616
7352, 6337, 6152, 3552, 391, 8493, 7110, 3145, 7797, 6588, 7692, 6178, 4380, 2504, 3377, 326, 8410, 1474, 2553, 5395
3383, 6731, 8217, 8322, 8224, 3007, 8155, 2417, 5956, 2551, 5443, 7831, 24, 8192, 7842, 5078, 2004, 1869, 5351, 6680
4081, 4732, 2838, 1296, 7392, 7604, 6668, 1411, 1273, 5170, 2717, 8203, 3856, 3805, 6873, 5165, 4276, 6005, 4632, 8008
3546, 7838, 2897, 3838, 293, 8315, 8088, 32, 6352, 431, 5944, 7640, 5001, 7641, 3201, 940, 3658, 6046, 7308, 6349
1844, 4873, 4522, 5595, 77, 8273, 966, 6356, 6805, 205, 4959, 4201, 5336, 777, 7452, 7313, 6220, 4479, 4700, 5846
7710, 1091, 6556, 4143, 5900, 464, 210, 832, 4544, 6810, 2208, 5039, 3916, 380, 3859, 1089, 3763, 6707, 4428, 7887
8360, 4858, 4272, 5568, 7042, 6256, 6441, 8105, 1036, 4305, 8177, 8132, 7738, 5638, 3333, 4356, 7823, 3485, 3257, 2847
819, 3001, 477, 1874, 3043, 7525, 6927, 857, 1973, 6171, 4177, 95, 1256, 6020, 2566, 7171, 2522, 5777, 753, 1043
3188, 1646, 1872, 6853, 7303, 1067, 6481, 3611, 1146, 8491, 2565, 6197, 1810, 1195, 8120, 2283, 751, 7, 6224, 1216
2961, 1554, 3419, 3376, 8308, 7035, 1297, 1242, 6344, 1122, 4619, 6107, 6074, 5462, 2791, 4998, 7993, 7192, 2326, 7841
391, 8354, 4525, 3477, 4081, 6591, 4442, 6911, 1374, 6844, 3073, 973, 6991, 4256, 5395, 4408, 1002, 5974, 1285, 958
4855, 5801, 5434, 4574, 5402, 2058, 3280, 5234, 7304, 6950, 575, 4893, 6455, 5687, 97, 5564, 6771, 420, 8035, 294
4416, 293, 966, 6478, 5656, 6143, 3203, 6349, 5258, 2006, 6781, 7700, 3884, 8054, 8433, 5698, 7713, 7531, 6543, 4386
4955, 6247, 6080, 2116, 5646, 1079, 547, 2564, 3859, 7797, 6221, 1669, 5953, 4002, 2799, 2228, 4912, 6160, 3685, 3914
8307, 3973, 7103, 1899, 5597, 2795, 1575, 7436, 6483, 3967, 7612, 4716, 7055, 4173, 1774, 712, 1628, 8374, 887, 717
2455, 882, 5460, 3193, 3083, 4930, 4733, 4384, 8166, 4409, 1080, 6678, 7813, 7038, 1507, 2947, 6880, 3999, 3558, 65
418, 1580, 1814, 6868, 7406, 2504, 188, 8461, 7223, 1411, 1558, 5944, 5127, 4651, 2679, 3609, 6147, 619, 1388, 6788
2631, 6772, 5874, 5895, 3588, 4663, 608, 4439, 1047, 1704, 7454, 1045, 3568, 3779, 2730, 4655, 346, 246, 1102, 1913
26, 3504, 4919, 1491, 8036, 1765, 6741, 3271, 4780, 5858, 2786, 5893, 4852, 3127, 6713, 5303, 3137, 1028, 3838, 3462
7258, 5843, 106, 7503, 1346, 4001, 1719, 7582, 6448, 3833, 7184, 7820, 3368, 540, 2330, 4480, 5251, 6186, 3516, 1357
7312, 2764, 3553, 495, 5806, 5999, 8343, 6590, 2076, 6184, 5244, 1822, 1672, 7095, 5086, 2758, 3452, 6242, 8449, 7593
231, 3389, 1192, 4647, 4119, 7415, 8223, 6103, 4763, 8373, 4532, 7798, 6962, 5424, 2636, 8126, 5163, 4115, 3451, 2345
7880, 5447, 425, 2112, 7111, 3726, 6116, 6531, 5308, 5375, 7995, 4504, 6259, 522, 4607, 4765, 6641, 3655, 4927, 6566
24, 7028, 7093, 2273, 7284, 6936, 5324, 4705, 7367, 6872, 4250, 4169, 589, 7566, 4811, 3870, 7919, 1109, 1572, 5658
6577, 1796, 8459, 6785, 6138, 3743, 702, 4687, 8000, 6311, 5102, 3056, 2802, 5353, 5038, 3867, 7787, 2945, 312, 7622
5888, 2488, 772, 938, 7226, 7963, 6377, 712, 4763, 974, 6402, 2004, 7568, 8041, 8311, 1825, 7476, 6230, 160, 502
3357, 3788, 2373, 7515, 3896, 154, 3114, 2287, 576, 8380, 3982, 3837, 5476, 1, 7630, 629, 5295, 5077, 3481, 8037
5882, 5939, 4290, 6307, 5022, 8096, 5507, 7109, 6238, 5963, 1767, 4816, 7306, 4289, 6025, 1110, 6472, 5338, 7350, 6248
2584, 1522, 821, 1633, 166, 5905, 1257, 7171, 5234, 4414, 5873, 7859, 3967, 3986, 4013, 3568, 4009, 4304, 2386, 7249
8511, 8288, 607, 3309, 3306, 867, 578, 3552, 5728, 3037, 6710, 6972, 660, 5319, 4470, 7612, 4477, 4866, 3404, 5847
5446, 6389, 5850, 2080, 8102, 5408, 4369, 7929, 471, 26, 6707, 6866, 5259, 2918, 4674, 6777, 2457, 8005, 777, 6483
4476, 7108, 8307, 5058, 8376, 1337, 2787, 6902, 8032, 5436, 554, 4204, 930, 613, 6590, 4579, 208, 6686, 3995, 5395
673, 460, 5229, 5005, 8268, 5541, 3146, 3700, 1641, 2780, 2332, 5942, 2839, 3389, 2886, 3825, 3328, 84, 2261, 2526
6743, 7069, 2651, 2167, 8161, 4288, 7053, 255, 3257, 440, 4316, 8359, 7713, 2795, 7301, 5803, 8422, 7, 7157, 6544
7339, 7833, 7519, 5497, 7372, 5213, 2679, 4392, 4968, 7479, 2723, 7423, 2693, 8003, 7133, 106, 4987, 6139, 6197, 2543
1256, 7462, 7334, 2359, 2283, 2270, 8454, 1120, 8497, 2557, 420, 6787, 7907, 5761, 5565, 7043, 1843, 8197, 5857, 5145
5764, 7911, 3922, 3181, 8203, 1022, 8217, 5306, 8488, 7917, 6916, 6987, 7954, 1628, 5118, 1429, 5744, 4238, 3999, 6338
8328, 1775, 5632, 635, 7613, 1643, 4726, 6356, 3763, 4130, 3554, 131, 5854, 8338, 966, 3420, 482, 4594, 1658, 7733
7047, 7640, 5365, 3437, 867, 7072, 7694, 88, 2332, 8205, 3735, 7920, 2541, 6398, 7042, 8302, 874, 837, 1444, 6449
844, 4344, 7793, 6715, 1967, 1566, 4414, 609, 1276, 4662, 4926, 2508, 5623, 3357, 812, 4608, 7372, 1540, 2207, 3866
7808, 4046, 1455, 4326, 5369, 7807, 970, 2522, 1730, 1130, 2243, 8322, 1689, 7611, 5706, 3581, 2696, 594, 3589, 3286
5716, 2074, 926, 5631, 391, 521, 2713, 1424, 2868, 1913, 7121, 3482, 888, 7137, 1155, 4602, 2167, 6527, 474, 3990
569, 3345, 1706, 276, 4438, 1820, 1997, 2087, 3386, 2106, 983, 5180, 3436, 5620, 6603, 993, 5503, 2331, 7274, 3988
6474, 1361, 4289, 305, 4385, 7271, 6983, 1775, 7401, 6830, 6023, 6035, 6973, 6230, 5836, 5106, 5121, 6407, 1232, 2895
4736, 7992, 2213, 4646, 3849, 6661, 5703, 4796, 3833, 6554, 1640, 8174, 3193, 4115, 6884, 6755, 8086, 4519, 4592, 7349
2712, 6095, 6102, 6157, 3068, 4781, 4623, 2950, 6499, 3507, 732, 8222, 5647, 7235, 4025, 237, 6312, 8498, 3288, 1677
1765, 5009, 6082, 3680, 3611, 5793, 7800, 6731, 5372, 6397, 6409, 3161, 5908, 6075, 2115, 5526, 373, 4462, 5797, 2507
7753, 3667, 4187, 7297, 1683, 2542, 7378, 4113, 5759, 4929, 4919, 4713, 79, 3421, 755, 2201, 2706, 6516, 3867, 93
2474, 2425, 1984, 1481, 134, 2817, 3271, 2154, 2823, 7053, 2212, 3064, 3447, 4081, 338, 1258, 225, 2439, 4834, 4954
1643, 5919, 7406, 882, 6105, 5846, 8190, 1846, 5259, 7257, 6041, 2116, 7824, 4757, 4140, 473, 433, 5260, 8220, 1897
2137, 6551, 266, 3978, 6781, 3975, 3961, 8129, 3810, 1991, 1245, 6593, 4420, 4876, 1204, 1430, 293, 5207, 6026, 4207
1573, 2395, 1625, 6617, 5145, 5216, 7985, 7503, 6580, 4381, 3402, 5622, 5960, 7468, 6049, 7822, 1944, 3314, 3389, 5324
427, 6724, 7102, 6805, 7833, 6282, 3462, 3452, 7960, 3296, 3133, 2487, 5775, 8487, 7003, 6503, 106, 4814, 4276, 6835
2283, 896, 6467, 4866, 3316, 1678, 6514, 1032, 6816, 8121, 5004, 6065, 8391, 6011, 6643, 6858, 7081, 6006, 2741, 6851
5199, 4134, 1161, 4167, 4312, 2313, 5077, 2124, 549, 7678, 7689, 8019, 8310, 8317, 4985, 2447, 7703, 5835, 3410, 2454
5708, 589, 6627, 7789, 3653, 5430, 7783, 6809, 2464, 6870, 2486, 2853, 6982, 7001, 2148, 749, 8041, 2299, 8296, 3925
7239, 5774, 1065, 7018, 4768, 7118, 2509, 5814, 4276, 4064, 2799, 1170, 3830, 959, 5725, 7481, 6741, 5239, 7255, 2383
3549, 6066, 4594, 5420, 793, 2094, 5701, 5151, 2897, 7838, 1281, 8376, 5936, 1889, 2881, 7058, 1252, 1542, 963, 4198
6606, 5814, 5606, 6878, 8365, 5638, 4336, 3373, 7088, 5978, 7627, 6291, 7608, 7191, 2113, 1521, 3607, 3500, 7919, 7684
243, 1596, 745, 7184, 7945, 566, 881, 7175, 827, 8462, 6139, 5510, 77, 5319, 4894, 6338, 5408, 4811, 1919, 3218
2644, 1065, 8445, 469, 7279, 5740, 6697, 6320, 5579, 4530, 5776, 6448, 4403, 3432, 4953, 2539, 4291, 5911, 7864, 6442
6375, 607, 2006, 7613, 1471, 849, 6073, 2185, 6657, 6676, 6476, 4288, 62, 492, 2764, 629, 3986, 6008, 2412, 2292
3685, 5234, 8036, 6770, 1204, 1390, 2504, 3502, 4643, 5554, 8093, 3653, 5435, 1, 5264, 340, 4986, 7397, 3890, 8199
5332, 1425, 5476, 2314, 4388, 6961, 4925, 210, 1622, 2006, 6630, 6439, 1942, 3050, 6625, 2890, 6106, 4133, 3149, 5768
3189, 5510, 5720, 971, 7921, 7749, 1522, 4763, 4745, 1744, 8478, 7562, 4398, 8388, 4996, 7526, 6743, 302, 8208, 6961
121, 7870, 426, 2681, 7542, 7904, 7926, 4454, 5821, 5703, 1916, 2609, 4852, 3197, 5595, 1951, 6814, 5204, 3591, 3297
8019, 137, 5965, 5280, 7881, 6539, 6535, 1133, 2737, 1423, 2112, 2846, 2849, 3181, 1168, 1321, 4832, 5306, 751, 5140
1284, 7110, 3384, 7121, 5258, 5806, 8498, 6196, 8, 4679, 3483, 2750, 7877, 5373, 5921, 5140, 8140, 8519, 4282, 2653
6375, 1424, 821, 5669, 855, 1668, 5250, 4447, 7818, 8299, 3916, 5788, 169, 4716, 8204, 3276, 1934, 2154, 4619, 911
7260, 6402, 397, 6442, 8174, 800, 5308, 189, 5267, 2488, 7565, 7836, 7055, 7597, 8223, 1028, 263, 4291, 274, 4601
5646, 4222, 6973, 5511, 243, 5767, 2814, 5349, 4553, 6062, 5007, 3820, 3961, 6406, 7582, 7941, 3714, 1736, 2775, 8256
4255, 6500, 4234, 605, 2715, 7308, 1397, 5219, 1892, 966, 6367, 1303, 448, 1334, 249, 3502, 1859, 6458, 6426, 3826
7757, 7010, 772, 1254, 6660, 8273, 7703, 8484, 5848, 6251, 7007, 3978, 3220, 2305, 6503, 5651, 5026, 471, 6972, 6942
6201, 1905, 4436, 2668, 5826, 6674, 7510, 6720, 3459, 4168, 7975, 5059, 3451, 2320, 6426, 4254, 3803, 62, 6033, 7830
1107, 3304, 7421, 3253, 7798, 1357, 7513, 7543, 2965, 5431, 3469, 5443, 1486, 6906, 3179, 3522, 294, 6078, 3146, 4140
1903, 4363, 8325, 8447, 130, 7211, 2430, 3371, 131, 8178, 903, 1127, 2277, 3696, 5803, 8449, 4826, 3072, 3688, 2501
5461, 6680, 6607, 8409, 7312, 4862, 425, 6271, 6785, 7832, 1732, 3685, 5834, 3455, 4814, 6902, 6660, 1137, 2709, 3838
2103, 1137, 4473, 7169, 3987, 5155, 7779, 2289, 6108, 7356, 2375, 2829, 502, 2673, 1491, 4665, 7560, 3797, 1643, 2906
3102, 2175, 5320, 6426, 8311, 7094, 2292, 5502, 4829, 5589, 469, 4384, 439, 1157, 4366, 3952, 6512, 2121, 2183, 2489
2873, 4342, 5670, 139, 2909, 4238, 4155, 641, 7217, 3967, 7333, 3859, 3791, 454, 5948, 3199, 7016, 5936, 2196, 2332
3146, 2897, 1150, 7573, 6869, 6689, 6699, 14, 3133, 5805, 2216, 4699, 2153, 302, 6455, 3635, 3137, 5809, 5408, 482
2979, 1793, 2041, 6823, 2214, 3774, 5094, 4102, 8018, 2316, 527, 8008, 1015, 449, 8299, 4630, 2588, 532, 794, 817
5320, 3127, 106, 7530, 1690, 8202, 6693, 5868, 1381, 1928, 4383, 6292, 2568, 859, 3023, 289, 4805, 2804, 7941, 1322
4796, 2304, 8254, 8016, 2849, 888, 1408, 4607, 5643, 2852, 5264, 5952, 5393, 8056, 6637, 6221, 5132, 3689, 5334, 4201
7798, 1927, 5088, 7374, 7157, 3116, 2219, 921, 964, 6991, 5232, 7889, 8512, 2839, 348, 167, 1539, 2942, 7393, 5151
4031, 6470, 959, 6200, 3589, 3983, 2146, 4149, 7793, 7659, 1239, 7965, 6625, 729, 2634, 1376, 1451, 1417, 1698, 5401
306, 522, 8524, 726, 3014, 5804, 5844, 3661, 566, 7168, 7426, 5989, 5033, 978, 2062, 261, 3509, 6223, 277, 2167
338, 256, 3774, 4623, 2097, 2839, 2498, 681, 7406, 7842, 237, 3724, 4053, 3377, 1276, 1751, 6400, 5219, 5399, 3973
2156, 4838, 7258, 3789, 5893, 7423, 3135, 7793, 5953, 2578, 5243, 6972, 7987, 4334, 478, 4578, 2167, 77, 26, 1763
2122, 795, 6348, 4257, 7938, 1932, 7187, 909, 5230, 440, 4323, 1751, 3470, 7673, 3030, 1489, 3406, 602, 2067, 2458
6248, 5198, 7872, 7680, 1802, 5375, 1531, 1574, 4684, 4891, 2073, 7168, 885, 6458, 7516, 1110, 6994, 1573, 3736, 3038
429, 4722, 716, 4297, 1391, 1040, 5930, 488, 7120, 2616, 4525, 420, 105, 6306, 3615, 5608, 3201, 4117, 5253, 7639
273, 6787, 7797, 8222, 549, 1187, 8293, 7730, 1061, 1620, 3512, 4783, 69, 997, 2235, 6690, 3982, 3870, 8190, 7836
65, 8288, 3887, 7287, 4810, 4575, 5212, 7605, 8005, 3378, 1538, 871, 7478, 3218, 4590, 6617, 3518, 5603, 3800, 6689
2110, 4962, 1509, 723, 7106, 6100, 1166, 4298, 1712, 1889, 4158, 4436, 4950, 7000, 3512, 569, 5475, 1625, 654, 7111
1047, 1848, 3597, 230, 4671, 3755, 6686, 4253, 1289, 579, 586, 1510, 8334, 3860, 8273, 2758, 5792, 3819, 8386, 218
1043, 6963, 5821, 5507, 4405, 5094, 1784, 4788, 4711, 396, 4774, 2945, 5263, 6164, 6960, 8324, 1723, 5730, 3788, 5979
7531, 4887, 1621, 5320, 7116, 6645, 3093, 6603, 1803, 959, 6290, 490, 5891, 6643, 6509, 2462, 2058, 7467, 2658, 6118
1060, 5734, 482, 7274, 6593, 5792, 7010, 8128, 5059, 7543, 4300, 2631, 1687, 270, 4813, 5600, 747, 5311, 3090, 259
5357, 4538, 5253, 5259, 2479, 7983, 6891, 1350, 6402, 7700, 6212, 2946, 4517, 1645, 6632, 4130, 3258, 2046, 7257, 2639
5182, 5461, 3353, 6560, 3226, 418, 3909, 8273, 3915, 5775, 4017, 4030, 779, 4118, 2759, 6362, 4229, 5408, 7942, 7929
5701, 26, 553, 1219, 6143, 2748, 6615, 174, 4579, 8129, 6208, 5234, 2400, 6652, 3977, 2706, 7673, 6654, 2796, 1899
7669, 3731, 8184, 1929, 6582, 6617, 284, 65, 6451, 3097, 7470, 6680, 6956, 812, 2763, 4756, 4753, 8432, 4637, 3891
8279, 7400, 3199, 6280, 5876, 7026, 4937, 3824, 3912, 8200, 4207, 4315, 4382, 7920, 754, 8035, 8019, 8008, 8423, 2597
577, 3192, 6279, 4047, 3311, 1204, 3308, 969, 2319, 607, 6747, 3818, 7860, 2433, 5694, 239, 4428, 6946, 5419, 5363
1235, 2158, 4059, 3974, 6011, 6686, 2325, 1036, 1306, 4929, 5349, 8362, 1190, 4959, 7543, 4181, 4785, 7365, 3420, 4033
690, 875, 6031, 2596, 7529, 5901, 6451, 335, 4144, 448, 563, 5631, 3281, 1996, 7335, 1663, 1365, 4780, 2771, 6174
5637, 7868, 1510, 5267, 3035, 2775, 635, 8142, 6545, 7926, 2345, 7952, 824, 1888, 7381, 1284, 7628, 3424, 401, 4723
1881, 5098, 7639, 4062, 6019, 7828, 6011, 1083, 5983, 1948, 7195, 8156, 2167, 6549, 7447, 5559, 2303, 5752, 8502, 5337
480, 4516, 3285, 3730, 1587, 1479, 6880, 3437, 2528, 747, 5077, 6147, 3137, 577, 1774, 1246, 1778, 3809, 8338, 6525
4873, 639, 3786, 3763, 1645, 1825, 8299, 4919, 3037, 1669, 429, 6331, 1969, 6791, 3478, 3517, 3502, 368, 3537, 6473
4094, 4025, 8482, 7484, 3258, 5714, 4700, 922, 5064, 4825, 7171, 8346, 3569, 1405, 2876, 7766, 5400, 6741, 7798, 3958
3546, 43, 5651, 6720, 77, 7242, 1573, 5188, 6642, 3375, 6319, 2639, 1784, 7038, 5332, 5761, 7356, 8310, 7588, 2807
2067, 7978, 635, 7761, 4755, 5438, 4287, 538, 5772, 4876, 862, 4446, 6386, 4277, 6100, 6162, 602, 40, 6562, 8301
6170, 4898, 7966, 5351, 6455, 7184, 7975, 1374, 3826, 1297, 6630, 1378, 4255, 5917, 7593, 6157, 6660, 5894, 5123, 5725
7812, 2614, 3995, 7329, 2699, 6013, 3593, 7570, 5854, 2333, 4461, 6365, 5703, 5387, 2477, 3404, 8174, 2910, 4574, 316
4669, 7076, 7650, 8380, 6331, 8244, 5607, 397, 2921, 3250, 589, 6151, 2332, 45, 4117, 4403, 2480, 6844, 1367, 6786
7025, 7689, 4816, 6970, 5350, 5086, 8248, 16, 1149, 6147, 5728, 4520, 483, 8032, 7193, 6958, 2730, 6839, 7794, 6083
3862, 1378, 1315, 5778, 795, 7312, 2908, 4338, 6166, 3820, 1358, 3075, 3241, 5202, 293, 1016, 2488, 4914, 2515, 7510
4816, 6364, 5918, 6480, 7295, 1763, 6345, 7143, 7257, 5404, 5010, 3330, 7287, 2521, 729, 6859, 3967, 5789, 1602, 7235
2461, 1037, 873, 1694, 2504, 6624, 1323, 255, 1956, 2227, 7882, 4784, 4670, 5073, 7020, 4282, 5294, 6444, 703, 6242
5608, 6137, 7950, 8352, 5334, 4813, 973, 1658, 4949, 7319, 3119, 101, 3114, 6071, 617, 4591, 8395, 3946, 6030, 2840
3072, 4509, 3551, 5443, 549, 3294, 4594, 3195, 4490, 146, 6590, 6152, 4813, 7460, 930, 4674, 4737, 5497, 8225, 6251
791, 1672, 3552, 6787, 458, 2546, 3306, 930, 2401, 4067, 5178, 6429, 4009, 8372, 6124, 5744, 4585, 7594, 8461, 3805
1284, 2731, 7923, 4086, 1944, 7762, 8274, 1149, 2382, 329, 8436, 6993, 6839, 4186, 3478, 7455, 929, 1814, 243, 6575
6441, 558, 1874, 2084, 4814, 3946, 1458, 8, 7108, 4876, 3805, 7708, 1205, 2509, 2839, 5085, 5205, 1586, 6178, 2003
7458, 7857, 7902, 6663, 6502, 6408, 5036, 5308, 3551, 6068, 5680, 8007, 5115, 6125, 5956, 6441, 3072, 4949, 5858, 4266
470, 6064, 4835, 8232, 3010, 4723, 4635, 3378, 2651, 5664, 7731, 7514, 6425, 5887, 3077, 7460, 6157, 6200, 7743, 2797
227, 2907, 6010, 6670, 4259, 2867, 2910, 7060, 7767, 4307, 4272, 1041, 4716, 7781, 1183, 1777, 3790, 3476, 7832, 8168
6402, 2109, 7395, 2873, 7781, 157, 8372, 5667, 306, 5477, 161, 5850, 44, 1991, 132, 1090, 6376, 2794, 103, 8223
6278, 7443, 6708, 2542, 5145, 6755, 8430, 2267, 2942, 6430, 3323, 7501, 2133, 984, 6134, 4406, 3538, 7449, 7226, 2506
688, 7535, 5107, 592, 4336, 7181, 4789, 5602, 8175, 6736, 1518, 6535, 7968, 4538, 7833, 460, 635, 5171, 1824, 7077
871, 3744, 3, 85, 3194, 3537, 927, 5918, 1859, 3803, 2383, 1000, 4194, 1714, 4560, 7397, 6821, 7116, 8096, 1368
630, 462, 7332, 3700, 1647, 1866, 7409, 1511, 4515, 4447, 6605, 2430, 2483, 135, 6341, 5301, 7985, 3718, 7888, 5668
4437, 6502, 8337, 5637, 1232, 6445, 5023, 2171, 5524, 3328, 8041, 4691, 6675, 4267, 6259, 8426, 7197, 7545, 6438, 3021
2223, 140, 3591, 3693, 3927, 4060, 3334, 7334, 8054, 2848, 4917, 6964, 1845, 6534, 8386, 3613, 6817, 227, 5000, 1840
504, 4670, 8128, 2986, 42, 3188, 2032, 5767, 214, 1622, 291, 1179, 4438, 98, 6492, 5827, 2674, 4830, 7276, 4337
7068, 6070, 7612, 4893, 2779, 7617, 5793, 6332, 7287, 4808, 6377, 4279, 30, 8162, 8315, 5169, 3803, 626, 3994, 5090
614, 7115, 6174, 5239, 8398, 1050, 3967, 966, 2140, 7463, 1633, 6284, 7820, 307, 2651, 3148, 433, 612, 8273, 6713
4423, 3196, 5999, 8213, 69, 1036, 525, 8244, 4594, 2398, 8478, 301, 2227, 779, 5375, 4508, 2834, 7242, 5363, 8346
847, 2462, 6271, 3319, 570, 1028, 3891, 6593, 3910, 4115, 5446, 56, 3776, 7193, 2909, 5915, 616, 826, 3516, 3890
426, 5960, 1825, 3151, 4937, 7083, 3604, 5794, 5351, 2839, 4808, 376, 7780, 1576, 3325, 7764, 7746, 8252, 2556, 1532
2188, 2369, 578, 4480, 1170, 7668, 2692, 6131, 1192, 6295, 3344, 6841, 729, 2128, 7055, 4700, 885, 1148, 5536, 5854
5092, 3413, 1133, 8424, 7374, 6808, 7220, 1219, 701, 5725, 3910, 8332, 3929, 2317, 4095, 473, 6562, 4234, 2962, 5702
6025, 3551, 4643, 7003, 5040, 5858, 3389, 7391, 7857, 3609, 5023, 3984, 1886, 4685, 8262, 5789, 6397, 5591, 5181, 6080
4484, 7536, 5711, 5606, 7198, 2526, 7689, 3502, 2921, 7047, 5690, 7705, 1904, 6886, 3593, 5216, 5373, 5608, 5726, 7308
6885, 5082, 4950, 4880, 5460, 5792, 3701, 5624, 506, 522, 4730, 4575, 6787, 5305, 3867, 2473, 7941, 6459, 4781, 4229
5515, 55, 6811, 429, 6123, 2479, 1990, 460, 5375, 1623, 1118, 6901, 4211, 1473, 7380, 8478, 6009, 7919, 7085, 1941
6992, 4009, 1381, 1083, 3225, 1789, 8102, 2303, 1785, 4304, 3013, 1365, 4915, 172, 3334, 2544, 1367, 1900, 3896, 3446
6811, 5205, 5300, 5407, 8343, 1088, 3824, 3526, 7034, 7830, 1393, 1063, 483, 4384, 1799, 1635, 6545, 1785, 3724, 710
6107, 7205, 1161, 7157, 8482, 8008, 1233, 154, 4335, 2895, 6068, 6261, 4757, 1447, 875, 1503, 1297, 5319, 1837, 1054
2277, 1091, 4264, 1969, 383, 1041, 1, 1597, 8422, 4081, 3030, 5199, 3628, 6433, 4607, 4287, 2906, 4161, 3948, 301
1434, 1482, 7739, 2802, 1987, 870, 390, 544, 1588, 8242, 749, 7273, 356, 6274, 1261, 8353, 2894, 2630, 2053, 297
3035, 1660, 8230, 3450, 3725, 4476, 3833, 5868, 208, 974, 7041, 1865, 3665, 526, 3251, 3898, 497, 6940, 2506, 697
8488, 252, 4392, 6021, 4039, 2679, 7806, 4546, 7865, 4561, 3870, 6519, 7289, 1341, 7256, 7916, 7179, 5611, 3433, 7954
6348, 708, 7400, 2715, 4737, 7356, 4969, 6785, 6612, 7848, 7730, 779, 1823, 6631, 8505, 5744, 7993, 3497, 4291, 8160
7460, 5690, 3043, 5198, 189, 879, 5126, 3280, 3294, 8414, 5872, 4908, 5792, 7789, 2403, 5664, 512, 2596, 4871, 1904
4036, 7593, 5253, 5941, 5026, 2448, 2454, 6005, 1775, 6066, 2715, 2736, 6327, 2897, 6720, 3050, 4300, 3180, 7009, 908
832, 1406, 8045, 3779, 3543, 524, 2811, 600, 7642, 4006, 4174, 3416, 1772, 3924, 2752, 3968, 4046, 5620, 1213, 365
5817, 7775, 2740, 6537, 6105, 3497, 7416, 4222, 5331, 5128, 3509, 1177, 7814, 3673, 3327, 167, 2927, 5632, 7041, 547
3581, 401, 3830, 7558, 6208, 2455, 8281, 3285, 2292, 6997, 4992, 7118, 4235, 803, 6147, 1214, 1621, 3537, 5345, 5296
2735, 1477, 1672, 424, 2027, 3295, 6105, 3540, 6767, 4434, 7783, 272, 725, 6331, 1819, 3553, 3993, 665, 7143, 4445
2432, 5257, 6208, 7138, 888, 1808, 2838, 4450, 2805, 7660, 2287, 580, 4777, 56, 6711, 5068, 7282, 8238, 6904, 7553
7185, 6163, 4966, 6844, 6617, 4615, 4236, 6164, 5249, 3567, 8253, 3726, 3368, 5143, 8020, 297, 5639, 1256, 6802, 7940
5033, 377, 5841, 2561, 3672, 7671, 6807, 7959, 1691, 6969, 1110, 7361, 5435, 8015, 756, 5465, 7769, 6984, 5769, 5705
874, 2464, 6330, 7510, 7536, 3069, 3013, 3073, 98, 2908, 6553, 6063, 6073, 959, 6369, 1906, 3581, 7517, 2946, 3905
6358, 3192, 2175, 6244, 605, 431, 5585, 7043, 8423, 2807, 6862, 4934, 8223, 1880, 2217, 8214, 6163, 4947, 8455, 3471
4314, 2073, 2599, 7043, 2926, 7853, 3584, 6506, 3500, 6196, 5932, 5214, 921, 5774, 6909, 7184, 8499, 669, 2313, 7188
97, 8375, 969, 8108, 2462, 55, 2113, 7221, 7177, 5488, 6682, 2853, 4542, 8265, 3833, 2160, 5647, 1315, 7686, 3809
984, 3537, 3400, 576, 6032, 3763, 1076, 607, 1625, 5218, 4722, 4712, 3254, 4198, 2767, 3788, 6694, 1537, 654, 3518
1302, 6801, 3038, 5808, 3978, 7357, 6612, 4509, 263, 6461, 1491, 770, 7073, 7062, 3788, 7929, 4443, 1224, 3609, 6348
4376, 6517, 3804, 5544, 892, 5900, 8145, 1777, 5938, 6236, 3164, 561, 6868, 6864, 1074, 2141, 2918, 1464, 464, 813
7904, 7870, 3995, 7157, 3923, 3798, 5364, 1767, 5917, 6426, 1174, 1694, 7640, 4806, 8088, 782, 3068, 6279, 2652, 7657
5772, 3278, 1586, 7483, 4927, 303, 4846, 1646, 1394, 6916, 7052, 5940, 1061, 5399, 6969, 6326, 6777, 7899, 6620, 4902
26, 2217, 2185, 742, 2717, 7755, 2884, 5363, 8520, 847, 7515, 3114, 5703, 4633, 306, 6326, 5541, 5273, 6462, 252
6151, 1312, 4424, 6306, 973, 5349, 3502, 172, 4473, 3397, 7051, 7613, 1657, 7400, 5087, 7602, 79, 7009, 7457, 7329
4713, 770, 8277, 4276, 5256, 2202, 243, 8517, 5912, 1892, 2037, 4566, 4127, 7773, 294, 3230, 5900, 1934, 6720, 7114
5442, 3363, 5547, 7252, 2726, 6265, 3248, 7940, 2460, 8498, 1105, 1284, 1146, 7438, 596, 6746, 424, 7256, 6504, 655
6642, 5093, 5758, 4024, 6362, 3213, 5229, 5488, 2766, 7751, 7434, 4754, 5972, 8498, 7443, 5705, 3876, 6998, 1129, 8386
2166, 3351, 7841, 296, 6815, 5594, 6201, 2548, 3273, 2283, 268, 2406, 2106, 2620, 3078, 5671, 200, 4261, 5254, 2719
6576, 1537, 756, 7385, 1849, 845, 8091, 3652, 3887, 884, 8047, 5198, 3053, 168, 8511, 5493, 3506, 5237, 820, 1797
1990, 7987, 45, 318, 4508, 3767, 8354, 834, 1074, 6365, 5121, 5459, 6619, 1837, 7631, 2116, 2473, 1825, 7038, 6088
158, 5298, 3844, 5733, 8045, 1343, 3009, 5577, 4795, 1796, 306, 2595, 3539, 7641, 3925, 7530, 2522, 2355, 3856, 7918
5775, 5252, 7398, 8305, 3591, 5243, 1341, 6688, 6835, 8165, 4719, 2305, 6269, 3097, 897, 4539, 4326, 8041, 4808, 5247
3083, 4700, 3095, 1043, 4607, 7187, 6041, 4615, 8487, 2190, 1668, 267, 6924, 7249, 6972, 4225, 7847, 3741, 2982, 7207
8238, 1774, 3520, 7047, 2680, 6152, 8327, 7018, 1311, 4798, 4780, 4778, 342, 7865, 2998, 8273, 4694, 4300, 4623, 3761
6172, 3653, 6958, 4209, 4906, 1110, 4594, 8175, 1288, 4981, 5945, 1872, 4838, 6480, 2830, 6219, 5595, 2944, 8324, 3026
885, 869, 8512, 8199, 2807, 8499, 1361, 8044, 7393, 938, 4915, 809, 1857, 7766, 4809, 7945, 2732, 8106, 1646, 2216
8268, 2693, 4487, 2691, 7260, 6367, 2421, 16, 2091, 742, 4216, 5311, 3108, 6119, 3873, 6603, 2076, 5905, 208, 4910
2646, 7036, 3, 312, 2094, 291, 1254, 1884, 2417, 2847, 4313, 4342, 7064, 6997, 8281, 5646, 4784, 4461, 5733, 1367
6059, 3927, 5780, 7085, 6319, 527, 7822, 2698, 8, 907, 7211, 1068, 4480, 7719, 6930, 6341, 879, 301, 3137, 8202
748, 8190, 3035, 6058, 1022, 2575, 3037, 3137, 912, 316, 7919, 3203, 2768, 4282, 498, 7945, 3664, 5621, 5038, 2094
3390, 6071, 2323, 3089, 927, 1902, 6425, 5182, 503, 961, 2283, 5686, 4002, 113, 951, 7689, 4591, 4492, 5510, 1091
1987, 7713, 3940, 1915, 4521, 1277, 3158, 1286, 7455, 8292, 6219, 1837, 3562, 2918, 8059, 5851, 2512, 5112, 3661, 6418
3089, 1358, 2131, 6412, 3611, 7911, 5181, 6070, 4952, 781, 4101, 4235, 3016, 1966, 5911, 2209, 819, 6073, 2796, 7115
5082, 7591, 433, 6777, 629, 1041, 6623, 6137, 6062, 5706, 2687, 2768, 2795, 3295, 4238, 4322, 5640, 349, 4619, 2128
7888, 7222, 5002, 5576, 5718, 4805, 3437, 2474, 3069, 533, 1542, 6030, 3256, 249, 6522, 5401, 597, 7161, 7907, 2778
4082, 3629, 635, 765, 4508, 7421, 5407, 2592, 3916, 7564, 6861, 6285, 7175, 1542, 4935, 2378, 7226, 6783, 787, 6466
4168, 5532, 2715, 6415, 4560, 5409, 1471, 3891, 6514, 6549, 2084, 302, 6545, 5508, 5955, 429, 8295, 105, 5404, 3500
2501, 6862, 5127, 3197, 4816, 3402, 7573, 8455, 7611, 6433, 3025, 8214, 3180, 2401, 4405, 7664, 302, 2334, 2431, 1010
5982, 52, 3850, 2652, 2517, 358, 585, 7036, 1572, 7728, 7061, 5795, 1698, 359, 1270, 6243, 580, 1996, 6336, 8323
4955, 4687, 5856, 2423, 4553, 4813, 7425, 3524, 1204, 8227, 6244, 5510, 3056, 1473, 876, 3863, 1952, 7274, 5328, 4654
2455, 8220, 6627, 7117, 5446, 5363, 7757, 6514, 541, 5894, 2292, 5850, 751, 2998, 3826, 26, 2156, 4670, 5891, 1351
3015, 2731, 4285, 5564, 3755, 6449, 2754, 970, 2116, 6441, 7109, 4631, 6663, 6708, 5372, 7507, 8383, 2320, 2946, 533
8511, 3696, 2737, 3982, 45, 2262, 1948, 3046, 7824, 7529, 62, 8033, 3457, 6606, 7733, 5009, 6245, 8005, 94, 6615
5404, 1071, 153, 7197, 7012, 1170, 6194, 3733, 1408, 1886, 717, 8066, 5258, 7731, 2861, 8308, 2563, 15, 1611, 8235
8158, 5591, 4988, 2313, 6908, 5504, 3099, 602, 627, 5497, 33, 483, 7702, 6067, 1897, 5842, 5851, 5818, 7364, 188
1744, 5008, 3787, 7538, 4209, 2612, 349, 7792, 3279, 1669, 7480, 2278, 2457, 4745, 8425, 2696, 1966, 7299, 5247, 8283
5531, 7566, 523, 4204, 4555, 5868, 4714, 6076, 1464, 1730, 6732, 7099, 5793, 1294, 3097, 6904, 4959, 1351, 1803, 7659
7060, 1672, 5399, 5565, 6758, 5102, 882, 2188, 3504, 3306, 1811, 4126, 5140, 6778, 1284, 2032, 469, 6660, 4479, 5324
6290, 1132, 4897, 149, 1672, 926, 5946, 3605, 6489, 2557, 2154, 7702, 5451, 2481, 3919, 465, 1982, 5772, 6045, 5819
2913, 7699, 5210, 6876, 2543, 1789, 5621, 5850, 3838, 6441, 289, 1905, 1334, 3462, 2772, 1990, 4902, 6123, 4101, 1133
8174, 5520, 908, 3308, 6811, 7859, 2143, 7106, 6331, 6139, 252, 5010, 1368, 6673, 6349, 4454, 167, 2946, 6579, 1177
8513, 5198, 8310, 2216, 2018, 7124, 6956, 6934, 3023, 7619, 1708, 7057, 6583, 7639, 2722, 7242, 3114, 4272, 3760, 2284
6105, 589, 4509, 4633, 43, 538, 7689, 826, 6425, 3946, 443, 7349, 2826, 7423, 482, 2415, 5809, 3910, 4143, 1844
6688, 5364, 4298, 2736, 8058, 7887, 5587, 1229, 4674, 7669, 4614, 382, 6365, 6769, 3771, 7993, 7247, 5059, 3637, 8479
4968, 5263, 6770, 7157, 6245, 916, 1089, 5923, 7649, 6220, 1941, 538, 5648, 4473, 8088, 8414, 3805, 7181, 5061, 8248
6741, 4702, 8250, 502, 3645, 2902, 464, 131, 1421, 5296, 1183, 2599, 7763, 7312, 7508, 2536, 7870, 2592, 4590, 2160
2735, 7552, 2050, 6371, 2032, 347, 1429, 8196, 6352, 6878, 5819, 1886, 3402, 3025, 2636, 6389, 4002, 1765, 4938, 391
859, 8139, 5768, 1175, 5900, 5817, 2899, 5889, 6532, 5638, 5792, 3896, 4580, 6992, 4315, 2942, 8036, 2089, 5701, 1798
1388, 1367, 3914, 6451, 4658, 4234, 7694, 1057, 5180, 7929, 5527, 5595, 3349, 6119, 5615, 932, 1168, 8115, 603, 7536
5999, 7356, 1869, 5142, 5199, 908, 7781, 4893, 6603, 2504, 6338, 5435, 1374, 6640, 8220, 4081, 3770, 3842, 7694, 5040
4501, 1367, 6839, 2330, 6741, 259, 66, 3046, 8199, 6356, 1932, 7356, 1708, 243, 6942, 5530, 7709, 7792, 5778, 396
3068, 943, 2680, 969, 3136, 7122, 2565, 2354, 7821, 755, 3591, 3909, 4852, 1604, 300, 2084, 1804, 4521, 1658, 3226
2437, 5876, 261, 8275, 2299, 4852, 3882, 1925, 8217, 8436, 5969, 8019, 5598, 8037, 5546, 5483, 5820, 4649, 7198, 7537
2539, 7201, 7685, 7766, 5292, 7740, 4242, 6641, 6765, 6281, 6327, 1016, 7133, 341, 6531, 5933, 7561, 2490, 1351, 4534
6609, 6541, 339, 2075, 6694, 4714, 2319, 4450, 6018, 6100, 1723, 8506, 5204, 5544, 8430, 6428, 4085, 575, 8244, 5084
6786, 2348, 1957, 4351, 3411, 4612, 317, 7355, 7915, 5359, 1538, 7878, 6882, 5848, 231, 4603, 3522, 5140, 1052, 840
4930, 747, 5249, 2677, 6954, 2387, 8343, 5363, 4125, 6386, 7694, 6027, 2974, 142, 2121, 8451, 1125, 5182, 6522, 3535
3522, 62, 4669, 2873, 1687, 6010, 1, 7235, 2091, 7280, 7288, 3973, 7298, 5515, 3372, 4689, 2799, 7486, 4986, 2553
275, 7571, 4512, 5742, 2487, 2168, 433, 5094, 535, 3514, 8083, 1928, 8427, 1304, 5537, 3674, 5733, 1102, 2701, 7168
4912, 654, 8121, 6943, 7765, 4901, 2544, 5145, 4133, 4122, 3102, 382, 7823, 7476, 3451, 5946, 7256, 7628, 2903, 180
1626, 7733, 2195, 1482, 2042, 787, 7668, 197, 4209, 4192, 3744, 2138, 2371, 2719, 2358, 2353, 309, 4011, 3014, 596
6523, 7063, 7169, 849, 223, 2870, 708, 2653, 5536, 6049, 5701, 8343, 7048, 4516, 2030, 2521, 558, 2797, 6144, 101
1303, 3066, 1168, 6635, 8091, 6235, 7313, 4527, 5848, 7507, 5390, 6100, 7015, 4522, 923, 3021, 2292, 8040, 3452, 7605
7983, 538, 2254, 4911, 7255, 8084, 2075, 5218, 5058, 5664, 6844, 6008, 7091, 4633, 8494, 4277, 8178, 6606, 4336, 3810
7732, 3142, 4280, 2680, 2807, 7452, 7552, 268, 3083, 7010, 8005, 4806, 2975, 1701, 5692, 3280, 6710, 2397, 4462, 5894
5608, 8401, 3504, 5507, 8436, 4757, 2, 6235, 6586, 4582, 2864, 1350, 4414, 2588, 7812, 7945, 4670, 3905, 5390, 5328
3070, 4249, 2062, 3049, 4040, 3184, 739, 4731, 6753, 7574, 5535, 4825, 7843, 3900, 5858, 7737, 7770, 4760, 2561, 2387
5703, 4654, 1596, 835, 6683, 7038, 2272, 3552, 7531, 1793, 4656, 6137, 369, 4321, 132, 3782, 861, 8086, 2454, 2382
8086, 4303, 5376, 2787, 6332, 929, 3195, 3876, 2715, 2301, 4269, 7038, 578, 7649, 2918, 7116, 5960, 4627, 4955, 205
8202, 3817, 2340, 5453, 5753, 7288, 5311, 5665, 1252, 6983, 8505, 7425, 4685, 1619, 5982, 7012, 6551, 1708, 4276, 6421
2799, 6316, 3469, 7505, 4521, 8248, 8478, 7117, 4631, 3731, 4118, 8379, 5549, 2509, 4177, 3194, 2525, 8102, 6668, 4741
4126, 6707, 5461, 7297, 7053, 4402, 3201, 1200, 1204, 708, 1378, 3164, 6703, 5228, 6904, 6448, 7005, 4075, 1991, 781
3793, 2501, 6005, 4620, 7102, 3989, 2854, 6123, 6347, 461, 3763, 4464, 5730, 8026, 8391, 2525, 3351, 6256, 7710, 4637
3090, 1374, 6125, 2553, 2758, 7357, 1379, 6306, 1538, 1434, 7188, 7047, 2810, 7814, 7138, 4602, 5818, 1555, 932, 6862
4866, 7531, 462, 1089, 1187, 1390, 4579, 7952, 121, 5212, 2947, 5142, 263, 4789, 488, 8513, 4724, 5526, 4919, 6125
5218, 5917, 4601, 1941, 7623, 5404, 2673, 4590, 1306, 2812, 6261, 2804, 1844, 6785, 6357, 5610, 8459, 28, 7622, 3481
7874, 7841, 2974, 4932, 609, 652, 1281, 8091, 2042, 9, 5844, 3336, 5894, 8023, 1742, 1615, 6314, 3354, 7491, 6579
554, 5247, 5484, 4025, 7, 7639, 4651, 7640, 5564, 3809, 1273, 3103, 3837, 5946, 5888, 5907, 8230, 5891, 2217, 7359
7157, 5948, 1120, 3588, 389, 6625, 7634, 6736, 1920, 4487, 2787, 734, 847, 7904, 8208, 6429, 5824, 629, 5314, 2386
1229, 6267, 4941, 6615, 7664, 7600, 6044, 7962, 7055, 4464, 7435, 4614, 6445, 4518, 5941, 2795, 7215, 5611, 996, 7672
5721, 3609, 1107, 4626, 6444, 329, 6672, 7830, 4864, 6679, 7710, 4201, 4163, 5502, 1823, 4756, 7540, 2305, 5595, 5868
299, 5609, 3513, 2624, 5585, 1096, 7349, 225, 2312, 3982, 1934, 1585, 7115, 1981, 955, 113, 3608, 8243, 821, 4550
6801, 6791, 5734, 7859, 2262, 2711, 2864, 7945, 1927, 6537, 4757, 4398, 2906, 5323, 7720, 342, 2156, 1367, 3788, 7649
2680, 2265, 8156, 7366, 8191, 5239, 6517, 4867, 6357, 3763, 888, 1205, 1179, 6563, 4384, 4637, 3068, 623, 6814, 7053
8462, 800, 8372, 8281, 326, 8108, 6326, 639, 7119, 3008, 2679, 1633, 342, 2787, 5895, 6105, 1828, 6527, 1361, 6758
2666, 4263, 1239, 2517, 3218, 8315, 372, 426, 1259, 2834, 3712, 1532, 55, 4277, 671, 3353, 2185, 457, 1903, 827
4101, 8520, 3156, 5234, 6983, 8527, 6068, 2962, 4282, 6489, 4002, 5969, 7138, 7000, 8148, 4234, 279, 97, 6041, 7822
1812, 243, 8115, 5121, 6781, 470, 6451, 179, 4753, 6352, 7985, 3383, 7704, 5774, 4137, 6934, 3069, 964, 448, 870
1572, 443, 8004, 2683, 5228, 1633, 3372, 5579, 7280, 6859, 6992, 6666, 4454, 45, 2390, 5483, 5180, 8238, 4172, 4303
3925, 6761, 4785, 843, 5710, 1745, 4363, 4699, 1149, 3731, 6443, 7987, 951, 297, 1499, 607, 3110, 3432, 7503, 7367
4934, 4907, 7877, 6792, 5809, 1784, 5263, 4254, 424, 7870, 7421, 1082, 7699, 4420, 8069, 4503, 3157, 7135, 4461, 7722
5840, 3528, 5776, 3050, 7346, 4477, 7807, 729, 47, 1388, 575, 3866, 1697, 4638, 2447, 4287, 4158, 6543, 5202, 8028
4816, 6041, 4112, 2504, 6535, 137, 6350, 6660, 1358, 8418, 6033, 1219, 355, 3478, 4549, 912, 2488, 5219, 7232, 1814
5904, 3369, 4475, 2546, 1357, 792, 190, 2475, 7879, 8427, 3638, 3887, 2324, 8418, 1864, 385, 207, 2061, 1014, 6105
6666, 6065, 2536, 5597, 5940, 2730, 4587, 69, 5091, 2338, 1723, 642, 5817, 3546, 961, 4654, 4496, 7582, 4429, 1256
1443, 2044, 6184, 2006, 5085, 5554, 3647, 4414, 1276, 2982, 5868, 3312, 4209, 3030, 7169, 6842, 6972, 2209, 5244, 1148
2902, 2538, 3116, 7773, 4686, 7720, 6885, 7357, 7211, 4780, 1410, 3726, 6532, 7352, 2644, 1296, 2096, 4095, 2326, 7467
4699, 7374, 5596, 3481, 2663, 2160, 2027, 819, 5731, 7731, 7233, 4423, 1876, 2032, 4115, 5632, 4674, 3789, 7801, 6593
4716, 2430, 6672, 1687, 2908, 4702, 2775, 3551, 2870, 2636, 3251, 7384, 2568, 433, 577, 6088, 5505, 1294, 6998, 5775
2188, 3994, 3295, 5188, 5187, 5180, 5140, 8158, 7836, 921, 3220, 7287, 1350, 1493, 4929, 3745, 1633, 3375, 5672, 2284
3304, 4496, 5038, 5818, 4093, 4696, 1315, 7610, 2356, 6118, 8431, 7356, 7, 2461, 4969, 7062, 2947, 5092, 791, 6007
6830, 3452, 6328, 4554, 2797, 8348, 5828, 8024, 896, 1491, 2837, 2050, 2208, 5124, 7417, 5027, 5888, 6654, 917, 2758
154, 5399, 5378, 4650, 7463, 6606, 4919, 6845, 4405, 4242, 1573, 4626, 2906, 6791, 7370, 5600, 4798, 7857, 929, 6186
4913, 7904, 5960, 1043, 574, 3851, 4441, 4457, 1234, 685, 739, 7400, 6544, 871, 6503, 55, 5624, 2360, 1778, 2217
3605, 3502, 1723, 218, 6842, 4423, 8, 6332, 5218, 7135, 8346, 1916, 8352, 4130, 4629, 369, 1948, 3549, 1022, 6356
3635, 4615, 5019, 2227, 2082, 4816, 6455, 6844, 6319, 271, 7157, 4967, 1365, 7595, 5762, 1079, 7697, 4700, 8224, 1458
6955, 8130, 1448, 454, 6104, 3439, 6357, 8499, 7741, 5325, 5217, 6248, 820, 160, 4577, 5198, 6935, 3928, 6508, 6489
1280, 2288, 4199, 3252, 5714, 1466, 3236, 230, 2449, 2254, 6667, 3746, 1658, 2768, 3076, 3912, 2236, 3892, 2018, 3813
827, 5868, 4730, 5948, 3504, 268, 1220, 3975, 7907, 6689, 1797, 2100, 5687, 4648, 6066, 4589, 190, 6455, 2091, 4402
7536, 4814, 3305, 6642, 7978, 6351, 4181, 8401, 1288, 4514, 5776, 8307, 4301, 8462, 1808, 8359, 3371, 7842, 2756, 6151
748, 5718, 5778, 6541, 6672, 4518, 6477, 7098, 26, 7228, 8276, 4594, 1657, 1944, 3804, 5827, 4081, 6167, 5341, 5395
3005, 3827, 6737, 7814, 651, 5648, 1721, 6753, 6975, 5207, 2992, 876, 8413, 612, 6469, 5195, 5919, 6543, 4853, 7795
923, 616, 2160, 3400, 2804, 6242, 8469, 1745, 574, 959, 1334, 2543, 8336, 3420, 4781, 14, 4430, 3713, 5320, 2678
4579, 7572, 7965, 1669, 6918, 6885, 3016, 2741, 5515, 512, 6421, 2944, 8328, 4716, 7298, 5721, 6328, 7155, 5514, 54
8076, 2979, 5706, 862, 5755, 4619, 4013, 1204, 1232, 3961, 4813, 62, 3292, 3169, 8253, 2993, 1646, 6063, 7235, 6985
7060, 2450, 1741, 131, 2714, 6267, 4759, 4758, 391, 2513, 7192, 3330, 2441, 7917, 1299, 4578, 2440, 5933, 2795, 1709
8011, 6118, 5140, 7415, 3540, 4344, 8517, 7968, 2890, 910, 7193, 2906, 8220, 1312, 293, 1948, 5349, 3306, 16, 4489
3991, 460, 273, 5415, 6785, 2313, 6703, 358, 4912, 124, 4967, 3726, 6612, 3304, 4462, 69, 5026, 7763, 4362, 6884
4410, 6062, 467, 2636, 1586, 43, 7694, 7659, 2554, 8398, 1402, 6586, 4987, 3025, 4946, 4124, 8243, 7761, 4936, 6217
6909, 5809, 8523, 1767, 1702, 4491, 7158, 2584, 3201, 3319, 3607, 5908, 3661, 5546, 4693, 3038, 6797, 4338, 553, 1672
4111, 6404, 1368, 903, 2779, 3925, 7, 436, 5846, 7260, 7645, 4966, 7183, 6212, 4020, 4313, 8438, 2945, 4699, 6059
1956, 2910, 5128, 2546, 4015, 2319, 1764, 8005, 7821, 6961, 5219, 3524, 7329, 1727, 529, 2074, 2316, 1539, 6290, 8190
1895, 3514, 4011, 754, 3948, 3519, 6488, 1599, 7521, 4640, 3799, 5054, 6626, 3652, 2839, 3749, 2272, 1210, 354, 1306
5982, 1024, 6517, 139, 624, 5000, 103, 5844, 5606, 5481, 4644, 3015, 400, 5014, 593, 3547, 5562, 6209, 5402, 3168
948, 6247, 4465, 2646, 7761, 6909, 7123, 635, 1577, 826, 1844, 396, 4927, 4577, 1201, 5922, 5311, 4066, 8497, 8243
8214, 3103, 3708, 5181, 6068, 1089, 4475, 1920, 4210, 1357, 4943, 391, 260, 7232, 871, 1778, 188, 6799, 8513, 55
4879, 7887, 3348, 4303, 1043, 2360, 4255, 33, 2474, 7110, 2495, 4277, 3493, 2480, 5744, 3137, 4075, 8382, 2771, 6062
1127, 7631, 4645, 6778, 4235, 6010, 7257, 1691, 3230, 6256, 5842, 3291, 2383, 6228, 7197, 6482, 2050, 5541, 2029, 7018
944, 6830, 6243, 5600, 6013, 621, 5104, 2313, 8306, 3030, 5808, 4650, 8027, 3804, 2764, 368, 7904, 6606, 4732, 2221
5145, 2091, 1205, 1476, 8190, 8277, 2158, 280, 3527, 4247, 7774, 1254, 3188, 8205, 2992, 570, 2840, 5294, 4264, 3888
4902, 6502, 1714, 2958, 6738, 8302, 7032, 7595, 6467, 930, 3789, 6991, 2829, 3502, 4381, 8449, 4254, 8183, 4362, 3512
5721, 101, 6064, 1500, 1794, 6156, 4036, 5239, 5894, 6282, 5273, 8, 5446, 4447, 7235, 5026, 4562, 3025, 3673, 7434
8361, 222, 8076, 5021, 2489, 617, 1723, 2254, 1586, 7787, 847, 1597, 7332, 5253, 859, 7298, 1006, 6058, 1542, 726
4111, 7702, 5718, 8108, 4424, 6930, 1394, 1995, 4910, 1499, 5126, 4781, 812, 7099, 7941, 3142, 5996, 4080, 2599, 1175
7009, 4914, 4095, 4996, 4133, 7848, 7187, 1341, 6092, 7135, 1602, 2054, 7353, 2282, 2557, 3251, 699, 6885, 2320, 6443
4853, 7567, 2332, 8083, 1477, 416, 3793, 4030, 5569, 5560, 5835, 6406, 4390, 5589, 8386, 4934, 7536, 6236, 1052, 5990
3070, 8328, 2386, 7858, 770, 4128, 4790, 3952, 3549, 7610, 5228, 7898, 5697, 2942, 2709, 1107, 3064, 8145, 2825, 2873
4357, 7996, 6629, 5630, 5832, 2143, 2573, 306, 3890, 2521, 2461, 5435, 4946, 3051, 4741, 748, 5038, 5521, 2564, 6972
5059, 2248, 647, 2503, 6235, 1161, 2389, 5712, 2772, 4592, 3138, 748, 3582, 3341, 4925, 7178, 3858, 3255, 6680, 1217
4890, 4711, 4241, 2023, 5389, 769, 4356, 6123, 560, 2746, 7557, 7877, 7355, 4879, 3593, 8402, 95, 3732, 1105, 7509
8361, 2071, 5934, 7764, 2137, 8261, 3796, 7199, 7997, 4555, 1611, 5202, 5906, 2509, 5787, 875, 65, 2371, 6070, 5782
2091, 5249, 1264, 33, 6502, 5967, 5210, 5664, 6013, 8266, 4127, 6918, 424, 6770, 6908, 2656, 16, 7398, 151, 4814
3537, 1341, 4806, 4723, 6402, 538, 940, 4753, 508, 4963, 518, 726, 4001, 3016, 349, 686, 2322, 2644, 365, 4733
6798, 554, 4621, 2972, 4126, 1052, 5798, 8098, 2575, 1622, 441, 30, 775, 7859, 2723, 3165, 1182, 4276, 5303, 3619
1617, 7313, 772, 1539, 5318, 3829, 4498, 1643, 2486, 6388, 5626, 4893, 5627, 8478, 2362, 5774, 4910, 2282, 4896, 1745
1936, 5508, 1058, 1977, 941, 1662, 2237, 1282, 4184, 2041, 1605, 5494, 3821, 988, 3782, 1585, 3453, 6245, 1015, 1627
4313, 5078, 7769, 1682, 932, 3806, 1564, 3882, 40, 5479, 5483, 5718, 12, 4304, 4521, 1881, 8297, 470, 3312, 7630
5936, 5310, 1224, 7115, 3483, 4866, 7719, 7333, 488, 6426, 4494, 5598, 2715, 7903, 6119, 5834, 6637, 3803, 1346, 3201
7198, 6058, 5376, 5038, 5260, 3797, 2506, 5086, 504, 3789, 539, 239, 5201, 6186, 4048, 7801, 1702, 7560, 1104, 7642
3437, 8409, 4891, 4476, 6906, 8516, 458, 5259, 2841, 3135, 4967, 2910, 142, 2914, 330, 8081, 4755, 7904, 1317, 2073
776, 1719, 7762, 1931, 7161, 1107, 2278, 6214, 7823, 3164, 5398, 800, 1127, 5112, 6144, 8088, 3549, 6276, 5817, 7809
4913, 1744, 2628, 7668, 653, 1630, 1306, 7211, 618, 6062, 870, 7709, 1736, 8223, 1429, 1991, 7962, 2162, 5187, 4032
5521, 7905, 1669, 3203, 4829, 6297, 366, 313, 6972, 6063, 8405, 3457, 7754, 4594, 4589, 332, 7730, 6352, 7298, 2382
4508, 4941, 1932, 4363, 792, 5597, 4699, 7108, 440, 45, 1491, 3163, 4738, 1554, 7787, 814, 3298, 6008, 6663, 8455
5486, 26, 7699, 1328, 7120, 684, 4030, 4330, 3485, 5803, 167, 8471, 5558, 5171, 2458, 8233, 2786, 5799, 5814, 5662
6313, 3391, 7414, 8151, 6942, 5511, 3859, 8056, 7948, 6568, 7381, 1423, 6947, 1335, 2717, 4910, 5687, 6195, 317, 4934
2679, 2962, 4624, 2463, 6378, 4103, 1903, 1266, 5332, 4077, 5288, 755, 2735, 2106, 5946, 708, 3396, 7346, 6194, 1315
7543, 3494, 4871, 7831, 4681, 330, 6339, 7123, 7609, 6302, 2185, 5236, 3951, 5138, 5477, 6470, 3996, 3127, 2561, 6666
3537, 419, 5292, 2191, 5809, 2224, 4562, 5039, 689, 7226, 6720, 6797, 7731, 6590, 1830, 5562, 1228, 7727, 6171, 1783
8097, 2217, 7908, 3239, 7396, 5364, 1260, 4811, 7478, 8186, 2474, 3967, 6483, 2395, 6842, 6785, 3220, 562, 7640, 4781
1843, 6543, 7051, 8180, 759, 8488, 2680, 7384, 4813, 7807, 8436, 5219, 1351, 2329, 3180, 1542, 5819, 3360, 5191, 6587
3397, 3359, 4862, 4154, 4759, 6214, 1374, 8099, 1084, 3597, 6119, 7887, 6450, 4127, 3479, 2741, 6725, 447, 7038, 2554
7593, 6367, 3566, 2067, 1275, 7025, 1168, 8014, 2457, 6619, 5409, 7645, 2147, 5393, 6358, 4179, 1171, 974, 7063, 4251
3294, 3188, 5313, 2380, 5128, 6956, 8315, 8299, 5419, 8208, 1179, 2094, 2730, 1570, 7985, 7823, 778, 1727, 1297, 6821
4923, 4443, 1311, 8170, 7991, 3788, 7761, 3731, 5699, 4482, 3627, 973, 6950, 7575, 6057, 587, 152, 6282, 1778, 6509
3667, 8439, 6487, 6163, 1804, 4020, 1872, 2588, 4560, 8283, 6550, 4201, 5323, 7626, 2205, 3518, 7357, 7336, 8202, 7667
2914, 8047, 3609, 6288, 2481, 2134, 4454, 1443, 5728, 602, 2926, 6503, 2838, 6859, 5933, 5537, 7005, 685, 4579, 3216
870, 2908, 7950, 617, 1640, 969, 2473, 1694, 903, 959, 3384, 6514, 6049, 7552, 6680, 7280, 5709, 4785, 1021, 6046
6455, 7274, 291, 1538, 101, 6657, 660, 1433, 814, 5259, 570, 5140, 4550, 2834, 4852, 7720, 6332, 441, 6512, 2863
4553, 7651, 7627, 409, 1611, 2338, 5520, 4304, 885, 7352, 4902, 3402, 6819, 4602, 2104, 6768, 1620, 5622, 4938, 3130
8240, 3528, 7139, 752, 2386, 5936, 5503, 3041, 6204, 5356, 3526, 1542, 6321, 7012, 7897, 2518, 2041, 8145, 3757, 287
158, 6791, 7427, 3731, 7580, 5290, 7902, 7232, 509, 723, 5508, 4194, 6027, 3717, 1701, 6462, 6178, 1581, 800, 1121
7411, 740, 6560, 623, 8214, 8098, 6156, 5810, 4421, 7185, 3896, 6914, 6480, 1171, 507, 1461, 5023, 912, 7018, 5681
5296, 3024, 2427, 5010, 7354, 4021, 3005, 2317, 3503, 4333, 6505, 6280, 433, 3864, 5200, 4030, 2388, 7922, 209, 666
6071, 6962, 518, 7513, 7135, 4498, 5945, 2258, 6727, 3420, 1254, 689, 2137, 5597, 5003, 2543, 4626, 5824, 3132, 8478
6609, 4563, 4949, 6382, 8426, 6408, 5895, 3737, 8255, 8042, 7797, 5073, 5400, 373, 8065, 6484, 6244, 6923, 8197, 3311
1034, 7184, 8162, 2160, 4140, 2668, 8382, 3123, 2457, 5917, 2084, 4059, 6899, 7827, 6961, 6680, 5559, 4473, 6319, 6004
6306, 7452, 6026, 6752, 7108, 1288, 7954, 4133, 7188, 7181, 5598, 5744, 5610, 6290, 3562, 2644, 7754, 6707, 284, 483
7694, 5105, 5817, 2738, 2354, 3511, 2360, 3316, 2739, 2371, 5587, 8120, 5884, 8254, 4369, 2637, 3124, 4227, 1850, 7668
4356, 2573, 2982, 8226, 5984, 1774, 6033, 2046, 5702, 2974, 3502, 5710, 5199, 5772, 7823, 3135, 2696, 1840, 7519, 4615
1677, 3072, 2986, 4163, 6348, 7067, 2881, 5920, 3789, 5479, 558, 8047, 2722, 6397, 2852, 1370, 2890, 4898, 6847, 3967
5324, 8244, 5282, 4470, 4724, 6736, 6331, 7610, 8368, 1357, 5900, 6143, 734, 4060, 2839, 607, 6642, 1224, 8468, 7234
3591, 6672, 7711, 6690, 1303, 4578, 2720, 1919, 3196, 2730, 4902, 5187, 3, 4339, 8409, 4663, 6448, 2100, 4735, 1345
1620, 5820, 3524, 7102, 6177, 2553, 3173, 6163, 6675, 3552, 3392, 4434, 3993, 4315, 610, 4190, 4887, 1890, 3108, 3700
1508, 907, 4784, 7228, 5447, 2082, 8015, 2057, 1873, 2913, 7036, 3987, 5440, 1723, 3715, 1625, 2691, 4494, 4994, 5009
7690, 4783, 8033, 7557, 1417, 7626, 5214, 5778, 6878, 3295, 5218, 617, 4624, 3654, 7673, 7678, 4489, 7698, 887, 1522
8400, 140, 2261, 4414, 2437, 6503, 4151, 2147, 1916, 1559, 7503, 6557, 2514, 6719, 8065, 4013, 2522, 1390, 3249, 2650
3160, 3360, 5234, 1313, 7071, 6816, 2511, 7898, 4080, 5082, 653, 2945, 2791, 1555, 1340, 4794, 4458, 5121, 1889, 8152
2616, 8269, 6758, 3745, 2498, 4624, 1897, 1907, 2557, 25, 5048, 6237, 538, 533, 24, 7269, 1495, 6899, 1351, 5636
2674, 5735, 7075, 2262, 6049, 7121, 1500, 7933, 7684, 4785, 2073, 3311, 5039, 7374, 8382, 6407, 973, 4899, 5200, 8519
7641, 7549, 7326, 2907, 3292, 4264, 6295, 5562, 7235, 1660, 826, 8108, 2229, 4724, 3357, 7166, 2277, 1204, 2696, 2227
5185, 6500, 8457, 5282, 8340, 4874, 4893, 4387, 3262, 3248, 3119, 79, 8064, 8196, 3049, 6753, 1264, 5306, 8197, 5404
4711, 1474, 4277, 1503, 4583, 5632, 6377, 3451, 6157, 7810, 7504, 3767, 4643, 3169, 2715, 6855, 6696, 7388, 4295, 7702
5232, 927, 7476, 2421, 6281, 3136, 4307, 3982, 5305, 2509, 4125, 3593, 2190, 2548, 1554, 6550, 3635, 887, 2943, 7452
7663, 7681, 5558, 7394, 2358, 7566, 1361, 6368, 4065, 7003, 8222, 7890, 4330, 1346, 8025, 5955, 7874, 1088, 4204, 6170
316, 5849, 293, 3164, 2921, 8456, 5123, 3128, 1405, 121, 6038, 6404, 4982, 6657, 7527, 5390, 8280, 3724, 4602, 966
1021, 1133, 8033, 2100, 1350, 6788, 6713, 969, 6958, 8512, 7836, 1297, 6271, 3133, 149, 6902, 8491, 3704, 3770, 6801
4820, 214, 7840, 6473, 2120, 5263, 7833, 7497, 6008, 7783, 5756, 5454, 7397, 3654, 7713, 4762, 2829, 7773, 5709, 4872
2345, 3179, 490, 51, 5554, 5706, 4825, 2414, 8262, 6242, 7888, 6983, 4288, 6708, 4426, 5452, 5846, 5725, 6979, 814
6327, 2462, 8099, 2323, 6182, 4356, 5153, 2314, 5020, 7552, 2840, 4002, 2706, 8001, 5711, 4363, 6311, 8002, 6251, 8324
2895, 195, 6859, 5229, 7602, 1022, 6249, 5155, 7085, 4956, 6662, 5248, 4490, 7792, 7956, 1301, 205, 7510, 2735, 377
7689, 279, 8332, 2636, 3420, 8072, 3787, 7228, 3653, 248, 579, 3054, 7408, 7876, 8454, 6537, 2282, 4662, 8344, 2958
4184, 5195, 452, 4446, 2065, 2671, 956, 3762, 24, 1612, 1666, 7415, 4858, 2462, 4023, 1533, 7591, 6329, 4072, 3774
5550, 8158, 6323, 7264, 8422, 36, 2618, 7091, 4350, 4490, 680, 2134, 6151, 6834, 7766, 3696, 4753, 8212, 2023, 8402
6754, 125, 4432, 4693, 4728, 3437, 8203, 428, 478, 541, 987, 2050, 6364, 706, 4635, 7860, 1438, 1241, 28, 7630
462, 6505, 2926, 8288, 6234, 6166, 7608, 7944, 2596, 2340, 2399, 381, 6320, 4670, 1564, 8477, 716, 483, 4452, 181
1088, 1110, 4901, 2942, 7066, 1905, 6706, 973, 2679, 6176, 4763, 1645, 4146, 2902, 3685, 7780, 7480, 8062, 4517, 8403
1643, 6605, 7793, 3069, 3568, 3162, 6348, 697, 6274, 6185, 2314, 2141, 6137, 6523, 2437, 6251, 289, 3805, 8340, 5564
286, 5826, 4852, 5919, 5508, 7866, 1785, 1903, 1223, 1991, 3562, 3859, 2345, 1041, 3667, 7043, 3447, 2235, 8394, 467
6553, 7775, 1183, 6983, 7233, 3195, 1388, 4520, 3188, 5211, 4588, 4187, 5846, 3280, 6868, 908, 7392, 1724, 4870, 2115
7457, 4582, 3512, 140, 5460, 4781, 3902, 397, 653, 5610, 1748, 7564, 4213, 5947, 4493, 8377, 1311, 929, 7188, 897
6065, 6629, 6643, 4596, 106, 427, 4454, 3967, 8197, 7985, 6326, 3402, 4489, 5632, 4101, 6958, 5009, 923, 6092, 549
776, 7699, 5526, 4196, 4936, 342, 8159, 7720, 6778, 5313, 4394, 5036, 3282, 5527, 5121, 6792, 770, 6397, 5607, 767
7459, 6088, 8324, 3066, 8325, 6177, 6627, 6032, 4955, 6869, 5998, 2128, 3146, 5984, 5038, 1450, 6358, 660, 4255, 3110
5390, 479, 8398, 2443, 7015, 3522, 4236, 8317, 1378, 4647, 1944, 5827, 6902, 5372, 7467, 16, 8461, 5587, 4530, 6522
5140, 5854, 5979, 3136, 2947, 431, 8382, 1104, 7814, 7542, 3422, 5450, 7787, 4674, 4119, 6427, 2673, 4759, 204, 4064
2202, 1245, 7641, 5218, 5544, 5376, 2227, 1623, 7341, 7503, 8200, 8005, 4127, 7908, 1227, 1570, 3788, 433, 94, 3591
3150, 4480, 3597, 7073, 3262, 8414, 7064, 2388, 5056, 2795, 2663, 1032, 1089, 5894, 5815, 3510, 8205, 1899, 30, 4423
8344, 8158, 2708, 438, 7335, 2824, 1430, 1517, 7963, 2889, 1052, 4058, 4377, 5001, 6928, 1420, 7633, 7400, 2009, 8385
6972, 8431, 5691, 6051, 635, 7833, 4372, 8252, 6919, 5531, 3996, 4311, 606, 5209, 7929, 4824, 3756, 5946, 4111, 4414
1814, 1510, 6683, 6334, 5025, 6781, 6902, 109, 4353, 7037, 1001, 6876, 6335, 2258, 4429, 5194, 5021, 5219, 5805, 4460
6543, 7759, 5009, 6737, 8280, 4627, 7711, 1233, 5917, 7975, 4050, 1284, 3388, 6082, 7331, 6287, 6911, 2218, 7800, 3837
3527, 6631, 1539, 2888, 2360, 5948, 3097, 1916, 1370, 4434, 907, 1901, 5603, 2137, 2722, 2024, 6068, 6712, 2002, 2863
5259, 2752, 4891, 3377, 1312, 1411, 5424, 6013, 5602, 6200, 4408, 4137, 7478, 1861, 8093, 5834, 142, 7982, 5653, 5706
6435, 7116, 5494, 1487, 6186, 5651, 8516, 1589, 1859, 3357, 4439, 4721, 3459, 3925, 32, 1226, 7859, 4794, 1602, 382
6107, 5940, 882, 2764, 2414, 393, 6800, 4135, 4689, 6397, 4943, 6367, 6190, 947, 1764, 5127, 8427, 8232, 5944, 6575
864, 511, 4423, 2338, 7138, 8273, 2112, 5709, 2548, 3731, 8104, 4017, 5232, 294, 5473, 1337, 1434, 5295, 6892, 6494
5163, 834, 2069, 1294, 2143, 8325, 5135, 378, 7021, 6694, 8075, 3604, 1866, 3712, 221, 8072, 7640, 4247, 1288, 5856
7171, 7156, 3916, 8227, 4993, 345, 3127, 4992, 1236, 4288, 1669, 11, 5536, 6965, 3672, 1352, 1327, 227, 2027, 1538
6032, 2115, 1421, 6998, 6320, 132, 3188, 5153, 6478, 4117, 5728, 2649, 7717, 4654, 4291, 7295, 4591, 2464, 3199, 3008
7514, 2332, 3164, 5699, 8277, 4256, 2141, 416, 6097, 5915, 4733, 1622, 7503, 1319, 5960, 7832, 4712, 874, 7749, 549
7762, 8352, 4596, 4914, 7367, 7148, 2913, 6550, 4173, 3317, 7607, 6992, 4475, 4684, 5234, 1927, 6358, 7978, 5900, 3134
4838, 2431, 6102, 106, 3046, 7256, 1488, 541, 4053, 3050, 1919, 5664, 4594, 6008, 4119, 3328, 2521, 2089, 8299, 6616
4525, 4574, 5253, 5378, 2687, 2458, 7945, 5373, 7226, 1558, 329, 6332, 5631, 1646, 8281, 2884, 8474, 8469, 5058, 6451
4026, 3222, 6464, 8445, 5296, 1577, 391, 6144, 5701, 1143, 1254, 4011, 6914, 6176, 1270, 3975, 7953, 7956, 6791, 1603
770, 678, 7845, 7581, 1512, 1318, 2825, 32, 5782, 7583, 1455, 1783, 4947, 924, 1355, 5917, 2336, 8406, 5447, 4451
4615, 2663, 7509, 7119, 1620, 8256, 1016, 2092, 6443, 2031, 7501, 3103, 8525, 8099, 7280, 3470, 2726, 8037, 755, 7664
7149, 1753, 7491, 8166, 1319, 1241, 7040, 5137, 4977, 7099, 8278, 6200, 1509, 3304, 3731, 6471, 7141, 5480, 5412, 6326
1510, 7038, 7380, 2209, 8158, 1724, 7062, 6660, 5459, 4503, 6992, 7904, 662, 3121, 8273, 3748, 8516, 30, 7611, 3285
6375, 3991, 4135, 3838, 974, 7308, 8272, 3077, 8, 5264, 1281, 401, 1234, 7298, 8103, 973, 4300, 7640, 1884, 5473
6059, 7110, 3351, 7223, 1798, 7233, 6664, 8382, 1976, 7510, 1107, 7015, 5850, 4443, 5175, 623, 6606, 2401, 7783, 3392
6214, 7483, 7457, 2258, 7355, 4421, 6642, 4186, 1948, 1887, 7762, 2826, 4133, 6991, 1448, 7933, 4780, 969, 1176, 3661
6562, 8126, 94, 3114, 7612, 4899, 6936, 6201, 6522, 3980, 333, 6184, 7226, 6961, 3137, 3133, 2538, 3726, 1142, 6304
2783, 7887, 8026, 3309, 4637, 5305, 231, 3033, 1763, 6125, 5177, 6862, 5600, 3953, 2415, 6864, 2454, 1647, 5729, 5597
2313, 4723, 77, 5814, 5711, 3584, 7421, 7824, 7775, 4985, 3843, 8088, 4675, 5351, 5259, 6785, 6696, 4948, 40, 8483
142, 3370, 4877, 3056, 8104, 3389, 2252, 1694, 6331, 8135, 6342, 7627, 1367, 8395, 3089, 2190, 2167, 7891, 4819, 4288
1088, 7619, 2756, 3229, 777, 4733, 1677, 3582, 6244, 6769, 2886, 5817, 7043, 7823, 2068, 5199, 5085, 1803, 8254, 3278
5907, 6851, 7917, 2805, 7536, 1904, 6102, 5258, 3810, 255, 297, 7260, 5718, 7902, 5856, 397, 6904, 5037, 8268, 3829
2217, 8143, 4201, 7756, 4841, 778, 4384, 930, 6455, 6033, 5097, 3909, 2679, 6248, 4730, 7781, 5526, 5900, 6281, 7582
7454, 121, 8488, 8393, 6665, 5253, 7185, 7868, 7840, 8096, 5185, 1393, 649, 7408, 5872, 2047, 5920, 3015, 4811, 2921
2348, 2516, 654, 6432, 4226, 6641, 2066, 4281, 1774, 7367, 6470, 4722, 3577, 6549, 3874, 2854, 5435, 6701, 4906, 882
1067, 3397, 1881, 4713, 7405, 1800, 4783, 6862, 5630, 3666, 3134, 1154, 1307, 7871, 8429, 956, 832, 2441, 5163, 1940
7949, 4897, 2674, 2061, 6598, 4593, 6923, 3902, 5296, 121, 1150, 6516, 6296, 3433, 699, 684, 195, 7681, 3353, 4978
7562, 4909, 6559, 2848, 429, 7065, 4314, 3434, 8469, 5364, 4303, 7359, 4553, 4342, 4770, 5818, 1434, 1628, 3311, 4067
6345, 431, 2055, 3248, 4763, 6814, 2083, 5944, 4209, 6940, 8121, 12, 959, 826, 2736, 74, 1088, 1245, 1112, 3334
3357, 1341, 4356, 6271, 4117, 2981, 8097, 689, 6528, 7381, 1405, 7805, 1932, 5662, 5267, 4821, 4756, 4925, 8527, 7783
3064, 7514, 1825, 834, 7042, 3295, 8350, 6008, 533, 4007, 5915, 2559, 540, 3002, 6421, 940, 3392, 3089, 4033, 259
8507, 5810, 302, 8037, 4627, 5828, 4090, 5755, 3804, 6796, 5888, 5905, 2270, 8212, 7759, 7828, 2772, 5479, 5970, 5194
4700, 8409, 4426, 7190, 3612, 1388, 3129, 4895, 6527, 2283, 366, 8361, 1133, 2882, 7357, 7537, 2478, 2906, 458, 7315
1050, 1539, 599, 3685, 2711, 3144, 605, 966, 2206, 5459, 5900, 1892, 3583, 1748, 6619, 4773, 748, 5515, 8218, 6686
4436, 8426, 1724, 4669, 1640, 3378, 1844, 7470, 4454, 6930, 3422, 1303, 3193, 393, 1538, 2908, 7891, 6864, 4359, 1658
1812, 6433, 4493, 3735, 1235, 342, 358, 3451, 7341, 3372, 485, 8086, 623, 6269, 2414, 2198, 887, 6873, 7754, 1823
1451, 1573, 221, 210, 1784, 4579, 6326, 7184, 7192, 2884, 5975, 3031, 7462, 4647, 6500, 3502, 6201, 1107, 4476, 8000
3297, 1110, 2693, 3803, 1266, 4709, 7757, 7755, 671, 1288, 8184, 6062, 2784, 6448, 5316, 8153, 440, 2731, 5676, 7260
7765, 3726, 131, 8062, 4954, 6166, 8277, 5461, 2282, 6367, 5258, 4876, 1421, 7592, 1367, 2543, 7531, 5579, 7631, 4893
3469, 1129, 1471, 3948, 7043, 5708, 3611, 3737, 5846, 6425, 3645, 5790, 3481, 188, 8159, 5378, 6234, 5508, 2691, 6033
