3929, 6097, 3895, 4669, 4609, 1781, 4550, 6564, 7861, 7399, 3447, 6101, 6184, 8371, 5340, 7933, 3630, 2706, 2567, 3235
1491, 5076, 7251, 1321, 5756, 744, 6596, 1145, 3653, 7352, 8471, 1548, 786, 4470, 6279, 8209, 453, 7087, 725, 2852
7001, 6885, 1155, 2084, 2580, 2651, 4929, 7982, 7097, 6914, 2437, 5420, 5333, 6654, 87, 5691, 474, 5664, 5815, 4651
4494, 6578, 2252, 5195, 3784, 8425, 7650, 3883, 7048, 1085, 3136, 1401, 5985, 109, 4514, 3170, 59, 8121, 403, 546
391, 6470, 5124, 467, 2412, 779, 7290, 1946, 7984, 1878, 8185, 4714, 5468, 4583, 7831, 655, 5137, 7543, 6249, 170
4110, 1086, 5518, 5656, 4535, 2521, 6336, 1175, 6033, 5516, 2454, 3084, 357, 348, 4150, 2348, 1745, 2362, 4683, 648
6140, 984, 8167, 4121, 2947, 6880, 5489, 6795, 4028, 3682, 8388, 1084, 4729, 7241, 4400, 2923, 4050, 3442, 3355, 2371
3059, 3324, 3992, 6076, 8084, 8044, 8098, 5606, 8466, 2930, 1782, 4127, 654, 3576, 1513, 814, 7463, 3204, 1556, 5036
3929, 6097, 3895, 4669, 4609, 1781, 4550, 6564, 7861, 7399, 3447, 6101, 6184, 8371, 5340, 7933, 3630, 2706, 2567, 3235
6050, 712, 5234, 509, 4674, 4459, 5740, 2443, 5323, 3406, 6323, 4196, 6510, 3946, 7062, 6714, 4866, 3724, 2731, 3466
1491, 5076, 7251, 1321, 5756, 744, 6596, 1145, 3653, 7352, 8471, 1548, 786, 4470, 6279, 8209, 453, 7087, 725, 2852
3068, 1365, 997, 7523, 7179, 1935, 5085, 4695, 1683, 6612, 973, 3208, 3440, 3378, 287, 4338, 505, 1151, 2209, 6967
1361, 2438, 1600, 5021, 3525, 7935, 3222, 7003, 3294, 4665, 7410, 5904, 5424, 7800, 3123, 6906, 5840, 6134, 2734, 8149
7001, 6885, 1155, 2084, 2580, 2651, 4929, 7982, 7097, 6914, 2437, 5420, 5333, 6654, 87, 5691, 474, 5664, 5815, 4651
6897, 4988, 8370, 1485, 6086, 5348, 3295, 2112, 2544, 8082, 1963, 2936, 536, 2879, 899, 1189, 7837, 7233, 4595, 5595
6044, 8032, 3332, 5662, 1842, 2224, 4428, 607, 7878, 892, 7057, 7945, 8210, 3073, 6712, 5938, 3266, 4773, 7536, 8516
4494, 6578, 2252, 5195, 3784, 8425, 7650, 3883, 7048, 1085, 3136, 1401, 5985, 109, 4514, 3170, 59, 8121, 403, 546
7312, 5257, 980, 6247, 8101, 7182, 6810, 4074, 5795, 1942, 848, 2417, 270, 5022, 6145, 4992, 7661, 1107, 861, 6301
391, 6470, 5124, 467, 2412, 779, 7290, 1946, 7984, 1878, 8185, 4714, 5468, 4583, 7831, 655, 5137, 7543, 6249, 170
4611, 2573, 7390, 5381, 2073, 563, 8436, 6648, 5473, 3215, 7978, 5145, 3868, 6409, 1376, 349, 6169, 1872, 2267, 7775
3155, 3789, 3762, 4327, 526, 5235, 1916, 4630, 4517, 4212, 561, 4369, 4971, 4634, 1777, 743, 1780, 4592, 4133, 2997
4110, 1086, 5518, 5656, 4535, 2521, 6336, 1175, 6033, 5516, 2454, 3084, 357, 348, 4150, 2348, 1745, 2362, 4683, 648
4150, 2619, 3829, 1913, 4853, 8385, 5772, 8406, 692, 7677, 3666, 4646, 5256, 6453, 2769, 2566, 5612, 868, 4740, 7803
3906, 5103, 7547, 6385, 6775, 5478, 4031, 4220, 5546, 1840, 1074, 5192, 225, 6423, 6327, 7950, 6980, 1251, 3638, 6356
6140, 984, 8167, 4121, 2947, 6880, 5489, 6795, 4028, 3682, 8388, 1084, 4729, 7241, 4400, 2923, 4050, 3442, 3355, 2371
6468, 5151, 7494, 7243, 7683, 5351, 2161, 5616, 3344, 1000, 2123, 4112, 754, 476, 4334, 7044, 8216, 4750, 242, 4924
7158, 1247, 3781, 604, 396, 4817, 3833, 1686, 8000, 4100, 6059, 1458, 2000, 7170, 6563, 2541, 7195, 7017, 7065, 1443
3059, 3324, 3992, 6076, 8084, 8044, 8098, 5606, 8466, 2930, 1782, 4127, 654, 3576, 1513, 814, 7463, 3204, 1556, 5036
7156, 3439, 3984, 1399, 4920, 7450, 1580, 2354, 2855, 3862, 8084, 7710, 2768, 5824, 6998, 2037, 5054, 3248, 2168, 5402
5091, 8460, 2509, 5320, 2570, 7304, 6142, 6208, 8281, 8067, 3933, 8488, 5107, 5428, 3649, 4667, 3810, 884, 3792, 5669
1519, 8423, 6144, 2060, 4129, 2577, 7907, 7532, 7849, 2792, 4394, 4228, 1535, 4531, 7180, 3263, 5299, 515, 7922, 1656
6050, 712, 5234, 509, 4674, 4459, 5740, 2443, 5323, 3406, 6323, 4196, 6510, 3946, 7062, 6714, 4866, 3724, 2731, 3466
1671, 1589, 5746, 97, 1120, 3366, 4237, 7116, 4661, 7300, 6273, 2416, 7600, 630, 4953, 4332, 107, 5587, 386, 6209
2431, 5889, 8065, 2642, 1488, 829, 2827, 4128, 8342, 8428, 5869, 6104, 5222, 4239, 5957, 6971, 1179, 4308, 1516, 2957
3068, 1365, 997, 7523, 7179, 1935, 5085, 4695, 1683, 6612, 973, 3208, 3440, 3378, 287, 4338, 505, 1151, 2209, 6967
5161, 7410, 8062, 8168, 6659, 2365, 4320, 2183, 2021, 2415, 2118, 6997, 4247, 4957, 6, 645, 4439, 6078, 724, 1370
3835, 2380, 517, 1873, 2623, 7428, 5193, 839, 4689, 1195, 1496, 1771, 2658, 3268, 3959, 2948, 328, 6472, 1550, 1524
1361, 2438, 1600, 5021, 3525, 7935, 3222, 7003, 3294, 4665, 7410, 5904, 5424, 7800, 3123, 6906, 5840, 6134, 2734, 8149
7087, 2801, 3219, 5947, 331, 4821, 309, 5880, 7244, 3301, 5435, 1805, 2367, 3847, 5173, 4185, 5660, 7136, 4606, 2529
3890, 3654, 6334, 188, 5050, 2766, 4864, 1790, 7059, 7636, 5916, 6055, 5593, 4889, 3041, 4154, 2341, 7325, 8402, 3228
6897, 4988, 8370, 1485, 6086, 5348, 3295, 2112, 2544, 8082, 1963, 2936, 536, 2879, 899, 1189, 7837, 7233, 4595, 5595
7263, 3151, 3350, 2689, 4655, 4596, 6978, 6424, 7270, 6088, 5339, 6668, 3182, 2715, 825, 5791, 3229, 739, 6869, 1312
7123, 3555, 314, 6483, 5783, 4739, 2331, 5027, 1741, 545, 6154, 6214, 5207, 1574, 1952, 1653, 2446, 4994, 7030, 1596
6044, 8032, 3332, 5662, 1842, 2224, 4428, 607, 7878, 892, 7057, 7945, 8210, 3073, 6712, 5938, 3266, 4773, 7536, 8516
5558, 6102, 5028, 371, 1902, 2602, 20, 8330, 5664, 6766, 5686, 1100, 8097, 2321, 492, 6570, 408, 5502, 7952, 6047
3151, 5049, 4743, 51, 4920, 8202, 3246, 6769, 3127, 889, 6039, 7849, 2639, 7594, 3460, 3769, 5930, 1629, 5960, 3118
7312, 5257, 980, 6247, 8101, 7182, 6810, 4074, 5795, 1942, 848, 2417, 270, 5022, 6145, 4992, 7661, 1107, 861, 6301
4987, 4984, 8294, 6688, 8107, 5330, 1465, 7306, 2732, 7495, 5719, 7146, 6315, 6938, 7602, 2227, 5471, 1244, 7088, 2869
6519, 5817, 6244, 7874, 3231, 1985, 3820, 4926, 2667, 7956, 2378, 654, 2673, 6287, 2816, 6753, 915, 5898, 4026, 5020
3923, 6266, 6868, 5645, 2680, 1166, 1497, 382, 3891, 7567, 8498, 4877, 4988, 6297, 2635, 3644, 5605, 4657, 6221, 4535
4611, 2573, 7390, 5381, 2073, 563, 8436, 6648, 5473, 3215, 7978, 5145, 3868, 6409, 1376, 349, 6169, 1872, 2267, 7775
1243, 4907, 3282, 3871, 686, 6431, 7480, 7923, 6978, 4613, 5802, 2785, 4035, 5361, 4119, 4325, 5354, 1841, 8075, 2255
5302, 7242, 4700, 5279, 5624, 3097, 5969, 1566, 5287, 7889, 837, 6336, 5576, 2912, 7860, 5621, 7515, 7853, 5931, 493
1246, 6944, 5589, 2903, 7761, 5995, 3646, 4962, 886, 567, 1946, 3002, 744, 2275, 5662, 673, 6723, 6849, 1215, 5527
3155, 3789, 3762, 4327, 526, 5235, 1916, 4630, 4517, 4212, 561, 4369, 4971, 4634, 1777, 743, 1780, 4592, 4133, 2997
4429, 1584, 6192, 2068, 8369, 3580, 454, 4139, 1786, 6421, 7927, 2561, 2971, 7913, 530, 4496, 3035, 6440, 1475, 8015
2646, 5324, 5544, 1750, 6610, 1603, 1012, 1183, 7667, 4370, 2928, 6339, 933, 6200, 6016, 3415, 7799, 3352, 7474, 3370
1186, 6220, 8362, 7189, 6138, 3791, 2411, 3845, 4493, 3259, 231, 3225, 4684, 2979, 2251, 6627, 3599, 4714, 7262, 4566
4150, 2619, 3829, 1913, 4853, 8385, 5772, 8406, 692, 7677, 3666, 4646, 5256, 6453, 2769, 2566, 5612, 868, 4740, 7803
1638, 3594, 5500, 4998, 6050, 1870, 206, 63, 5007, 65, 6284, 827, 1445, 5904, 6113, 8317, 4723, 2575, 7512, 1489
2922, 5666, 3020, 6355, 8475, 5529, 5915, 5710, 2993, 732, 1897, 5913, 7810, 5084, 3458, 2310, 5776, 4943, 284, 4432
3906, 5103, 7547, 6385, 6775, 5478, 4031, 4220, 5546, 1840, 1074, 5192, 225, 6423, 6327, 7950, 6980, 1251, 3638, 6356
788, 7631, 1134, 2879, 1885, 3434, 5965, 6357, 5412, 7307, 480, 2599, 3159, 2554, 81, 2988, 2105, 5040, 6359, 242
1977, 2587, 11, 8467, 5578, 7966, 192, 923, 2279, 4422, 583, 7210, 3904, 1709, 4558, 8301, 7323, 3983, 245, 5405
6468, 5151, 7494, 7243, 7683, 5351, 2161, 5616, 3344, 1000, 2123, 4112, 754, 476, 4334, 7044, 8216, 4750, 242, 4924
4949, 5987, 8048, 648, 7457, 2373, 6920, 6093, 7352, 4582, 112, 3204, 6560, 4680, 297, 5711, 8500, 443, 7126, 3697
7158, 1247, 3781, 604, 396, 4817, 3833, 1686, 8000, 4100, 6059, 1458, 2000, 7170, 6563, 2541, 7195, 7017, 7065, 1443
491, 4252, 3335, 6696, 7333, 8079, 7765, 1910, 2717, 4319, 2552, 512, 4481, 5799, 710, 6859, 600, 707, 3865, 5644
7156, 3439, 3984, 1399, 4920, 7450, 1580, 2354, 2855, 3862, 8084, 7710, 2768, 5824, 6998, 2037, 5054, 3248, 2168, 5402
4558, 2398, 1863, 1853, 3822, 8380, 456, 1537, 3486, 1988, 5504, 4463, 6713, 4987, 7908, 3051, 7314, 3225, 146, 1102
3790, 255, 4576, 8129, 5869, 4190, 5095, 2759, 1005, 6622, 8247, 8250, 620, 6129, 548, 3931, 66, 2971, 4029, 3116
6150, 8153, 4584, 1004, 6303, 3082, 7311, 4793, 4821, 6721, 6412, 6988, 4301, 5325, 1483, 4081, 2488, 5027, 4098, 7677
5091, 8460, 2509, 5320, 2570, 7304, 6142, 6208, 8281, 8067, 3933, 8488, 5107, 5428, 3649, 4667, 3810, 884, 3792, 5669
3185, 152, 5189, 7623, 4174, 7432, 7093, 1057, 7718, 3394, 7963, 193, 4744, 3502, 6833, 1618, 7555, 2112, 8194, 4965
5516, 3847, 868, 1123, 5042, 4202, 6992, 5778, 6182, 4727, 6617, 1642, 101, 337, 799, 2036, 1746, 888, 2251, 2541
6285, 1538, 5394, 4532, 7235, 2459, 4034, 3717, 7965, 3508, 8298, 957, 1449, 621, 2188, 6079, 179, 590, 4267, 8086
1519, 8423, 6144, 2060, 4129, 2577, 7907, 7532, 7849, 2792, 4394, 4228, 1535, 4531, 7180, 3263, 5299, 515, 7922, 1656
4505, 6450, 5687, 246, 682, 472, 6647, 2192, 4907, 6075, 875, 2787, 7826, 1687, 3842, 6565, 2898, 8349, 4005, 1878
1825, 2873, 4017, 6401, 91, 7548, 5482, 1370, 998, 3408, 2446, 34, 3311, 1507, 8149, 7632, 6914, 2480, 7214, 8277
1671, 1589, 5746, 97, 1120, 3366, 4237, 7116, 4661, 7300, 6273, 2416, 7600, 630, 4953, 4332, 107, 5587, 386, 6209
8319, 1525, 2281, 2041, 550, 7955, 4026, 5751, 3433, 1602, 2137, 8022, 2600, 5884, 5715, 4340, 219, 5389, 3973, 6390
6950, 2682, 3522, 779, 859, 3292, 177, 7538, 8237, 6923, 7334, 5909, 8158, 1935, 8362, 3151, 3471, 6930, 7870, 8099
2431, 5889, 8065, 2642, 1488, 829, 2827, 4128, 8342, 8428, 5869, 6104, 5222, 4239, 5957, 6971, 1179, 4308, 1516, 2957
8308, 2194, 0, 4804, 4910, 6867, 6695, 2393, 5208, 4601, 474, 487, 7673, 3500, 370, 7771, 6557, 2013, 4177, 6800
2949, 1208, 544, 4225, 5437, 4768, 1677, 5278, 3970, 1529, 5972, 5951, 7367, 3208, 5073, 1789, 3647, 2404, 7777, 5682
5161, 7410, 8062, 8168, 6659, 2365, 4320, 2183, 2021, 2415, 2118, 6997, 4247, 4957, 6, 645, 4439, 6078, 724, 1370
7147, 6207, 2418, 3092, 2651, 1515, 6042, 8142, 4541, 4673, 2771, 7880, 6954, 8526, 4335, 7400, 5384, 103, 3096, 463
3455, 4061, 2736, 4681, 7020, 7185, 6076, 5315, 6219, 510, 112, 7975, 4249, 4525, 5699, 448, 3796, 564, 1734, 4506
3835, 2380, 517, 1873, 2623, 7428, 5193, 839, 4689, 1195, 1496, 1771, 2658, 3268, 3959, 2948, 328, 6472, 1550, 1524
6934, 43, 656, 7508, 6903, 4186, 2920, 55, 8315, 2911, 2635, 2925, 2288, 5264, 7997, 5786, 1764, 2923, 1535, 1705
7168, 851, 215, 4668, 6321, 7715, 449, 4933, 5877, 3260, 5069, 1377, 5900, 8218, 1518, 4670, 5348, 3977, 4923, 1675
7087, 2801, 3219, 5947, 331, 4821, 309, 5880, 7244, 3301, 5435, 1805, 2367, 3847, 5173, 4185, 5660, 7136, 4606, 2529
3163, 5739, 547, 862, 5094, 4506, 5324, 6775, 225, 2739, 752, 511, 6029, 1656, 1864, 8043, 2389, 6557, 4024, 8234
1736, 5102, 4918, 7389, 294, 4738, 7916, 2117, 7392, 1186, 4562, 6645, 6464, 6145, 3617, 5439, 6449, 8121, 1208, 3587
3890, 3654, 6334, 188, 5050, 2766, 4864, 1790, 7059, 7636, 5916, 6055, 5593, 4889, 3041, 4154, 2341, 7325, 8402, 3228
1841, 1514, 6948, 8409, 8280, 8500, 4353, 7546, 4031, 6623, 5851, 6772, 2571, 5130, 1731, 2845, 6120, 2053, 4994, 797
6680, 120, 4960, 5799, 4468, 5096, 8462, 4058, 7750, 6757, 3818, 4120, 1409, 2369, 4566, 7367, 8101, 4825, 1135, 1215
303, 5051, 7009, 3299, 2098, 4778, 6710, 4102, 7726, 4174, 7982, 2303, 5119, 7324, 3651, 4893, 2132, 8457, 6779, 4218
7263, 3151, 3350, 2689, 4655, 4596, 6978, 6424, 7270, 6088, 5339, 6668, 3182, 2715, 825, 5791, 3229, 739, 6869, 1312
2168, 973, 6984, 7056, 2950, 2214, 1183, 5512, 7776, 37, 30, 7950, 3161, 6431, 6391, 2667, 3486, 5950, 4769, 7077
5124, 815, 5067, 8316, 2927, 4710, 6371, 4860, 861, 8107, 2417, 1323, 8328, 4941, 5780, 2606, 4135, 259, 480, 4360
7123, 3555, 314, 6483, 5783, 4739, 2331, 5027, 1741, 545, 6154, 6214, 5207, 1574, 1952, 1653, 2446, 4994, 7030, 1596
1339, 7235, 3252, 7999, 208, 8475, 5103, 5963, 4754, 5422, 5161, 2262, 406, 2359, 118, 8399, 3440, 6308, 2549, 7677
7144, 831, 3219, 3534, 2198, 4841, 4335, 3275, 3545, 7938, 5252, 5198, 2245, 3455, 1225, 83, 7568, 5689, 5078, 8345
5775, 5704, 8305, 7557, 6290, 4717, 6169, 5280, 3320, 1089, 6426, 2234, 491, 6759, 5386, 3564, 2891, 3810, 4434, 2033
5558, 6102, 5028, 371, 1902, 2602, 20, 8330, 5664, 6766, 5686, 1100, 8097, 2321, 492, 6570, 408, 5502, 7952, 6047
6052, 2688, 7884, 1233, 4575, 7586, 2423, 3470, 2299, 787, 7845, 1257, 674, 1962, 869, 6136, 6023, 701, 3368, 2360
3103, 6785, 6332, 7848, 3882, 1112, 1832, 4922, 4998, 1580, 4298, 6972, 3166, 5986, 409, 4714, 6175, 1245, 1275, 6311
5814, 3100, 5001, 8453, 4433, 7811, 7283, 3146, 7544, 2269, 2159, 5158, 6894, 6099, 7237, 519, 2151, 2144, 6180, 7370
3151, 5049, 4743, 51, 4920, 8202, 3246, 6769, 3127, 889, 6039, 7849, 2639, 7594, 3460, 3769, 5930, 1629, 5960, 3118
311, 6100, 2709, 329, 6265, 4189, 6267, 6423, 3995, 8485, 530, 7318, 2751, 6247, 5458, 5529, 4427, 833, 3346, 6356
6624, 4828, 1715, 1842, 8160, 7342, 4560, 4904, 6832, 7704, 5898, 1163, 2050, 2230, 3605, 4664, 5516, 1134, 8387, 2353
4987, 4984, 8294, 6688, 8107, 5330, 1465, 7306, 2732, 7495, 5719, 7146, 6315, 6938, 7602, 2227, 5471, 1244, 7088, 2869
7847, 7079, 8079, 3562, 5758, 3014, 2510, 3819, 8319, 8370, 6246, 1899, 4770, 2944, 6338, 5255, 4196, 2193, 7348, 4055
6519, 5817, 6244, 7874, 3231, 1985, 3820, 4926, 2667, 7956, 2378, 654, 2673, 6287, 2816, 6753, 915, 5898, 4026, 5020
3923, 6266, 6868, 5645, 2680, 1166, 1497, 382, 3891, 7567, 8498, 4877, 4988, 6297, 2635, 3644, 5605, 4657, 6221, 4535
1243, 4907, 3282, 3871, 686, 6431, 7480, 7923, 6978, 4613, 5802, 2785, 4035, 5361, 4119, 4325, 5354, 1841, 8075, 2255
5302, 7242, 4700, 5279, 5624, 3097, 5969, 1566, 5287, 7889, 837, 6336, 5576, 2912, 7860, 5621, 7515, 7853, 5931, 493
1246, 6944, 5589, 2903, 7761, 5995, 3646, 4962, 886, 567, 1946, 3002, 744, 2275, 5662, 673, 6723, 6849, 1215, 5527
4429, 1584, 6192, 2068, 8369, 3580, 454, 4139, 1786, 6421, 7927, 2561, 2971, 7913, 530, 4496, 3035, 6440, 1475, 8015
2646, 5324, 5544, 1750, 6610, 1603, 1012, 1183, 7667, 4370, 2928, 6339, 933, 6200, 6016, 3415, 7799, 3352, 7474, 3370
1186, 6220, 8362, 7189, 6138, 3791, 2411, 3845, 4493, 3259, 231, 3225, 4684, 2979, 2251, 6627, 3599, 4714, 7262, 4566
1638, 3594, 5500, 4998, 6050, 1870, 206, 63, 5007, 65, 6284, 827, 1445, 5904, 6113, 8317, 4723, 2575, 7512, 1489
2922, 5666, 3020, 6355, 8475, 5529, 5915, 5710, 2993, 732, 1897, 5913, 7810, 5084, 3458, 2310, 5776, 4943, 284, 4432
788, 7631, 1134, 2879, 1885, 3434, 5965, 6357, 5412, 7307, 480, 2599, 3159, 2554, 81, 2988, 2105, 5040, 6359, 242
1977, 2587, 11, 8467, 5578, 7966, 192, 923, 2279, 4422, 583, 7210, 3904, 1709, 4558, 8301, 7323, 3983, 245, 5405
4949, 5987, 8048, 648, 7457, 2373, 6920, 6093, 7352, 4582, 112, 3204, 6560, 4680, 297, 5711, 8500, 443, 7126, 3697
491, 4252, 3335, 6696, 7333, 8079, 7765, 1910, 2717, 4319, 2552, 512, 4481, 5799, 710, 6859, 600, 707, 3865, 5644
4558, 2398, 1863, 1853, 3822, 8380, 456, 1537, 3486, 1988, 5504, 4463, 6713, 4987, 7908, 3051, 7314, 3225, 146, 1102
3790, 255, 4576, 8129, 5869, 4190, 5095, 2759, 1005, 6622, 8247, 8250, 620, 6129, 548, 3931, 66, 2971, 4029, 3116
6150, 8153, 4584, 1004, 6303, 3082, 7311, 4793, 4821, 6721, 6412, 6988, 4301, 5325, 1483, 4081, 2488, 5027, 4098, 7677
3185, 152, 5189, 7623, 4174, 7432, 7093, 1057, 7718, 3394, 7963, 193, 4744, 3502, 6833, 1618, 7555, 2112, 8194, 4965
5516, 3847, 868, 1123, 5042, 4202, 6992, 5778, 6182, 4727, 6617, 1642, 101, 337, 799, 2036, 1746, 888, 2251, 2541
6285, 1538, 5394, 4532, 7235, 2459, 4034, 3717, 7965, 3508, 8298, 957, 1449, 621, 2188, 6079, 179, 590, 4267, 8086
4505, 6450, 5687, 246, 682, 472, 6647, 2192, 4907, 6075, 875, 2787, 7826, 1687, 3842, 6565, 2898, 8349, 4005, 1878
1825, 2873, 4017, 6401, 91, 7548, 5482, 1370, 998, 3408, 2446, 34, 3311, 1507, 8149, 7632, 6914, 2480, 7214, 8277
8319, 1525, 2281, 2041, 550, 7955, 4026, 5751, 3433, 1602, 2137, 8022, 2600, 5884, 5715, 4340, 219, 5389, 3973, 6390
6950, 2682, 3522, 779, 859, 3292, 177, 7538, 8237, 6923, 7334, 5909, 8158, 1935, 8362, 3151, 3471, 6930, 7870, 8099
8308, 2194, 0, 4804, 4910, 6867, 6695, 2393, 5208, 4601, 474, 487, 7673, 3500, 370, 7771, 6557, 2013, 4177, 6800
2949, 1208, 544, 4225, 5437, 4768, 1677, 5278, 3970, 1529, 5972, 5951, 7367, 3208, 5073, 1789, 3647, 2404, 7777, 5682
7147, 6207, 2418, 3092, 2651, 1515, 6042, 8142, 4541, 4673, 2771, 7880, 6954, 8526, 4335, 7400, 5384, 103, 3096, 463
3455, 4061, 2736, 4681, 7020, 7185, 6076, 5315, 6219, 510, 112, 7975, 4249, 4525, 5699, 448, 3796, 564, 1734, 4506
6934, 43, 656, 7508, 6903, 4186, 2920, 55, 8315, 2911, 2635, 2925, 2288, 5264, 7997, 5786, 1764, 2923, 1535, 1705
7168, 851, 215, 4668, 6321, 7715, 449, 4933, 5877, 3260, 5069, 1377, 5900, 8218, 1518, 4670, 5348, 3977, 4923, 1675
3163, 5739, 547, 862, 5094, 4506, 5324, 6775, 225, 2739, 752, 511, 6029, 1656, 1864, 8043, 2389, 6557, 4024, 8234
1736, 5102, 4918, 7389, 294, 4738, 7916, 2117, 7392, 1186, 4562, 6645, 6464, 6145, 3617, 5439, 6449, 8121, 1208, 3587
1841, 1514, 6948, 8409, 8280, 8500, 4353, 7546, 4031, 6623, 5851, 6772, 2571, 5130, 1731, 2845, 6120, 2053, 4994, 797
6680, 120, 4960, 5799, 4468, 5096, 8462, 4058, 7750, 6757, 3818, 4120, 1409, 2369, 4566, 7367, 8101, 4825, 1135, 1215
303, 5051, 7009, 3299, 2098, 4778, 6710, 4102, 7726, 4174, 7982, 2303, 5119, 7324, 3651, 4893, 2132, 8457, 6779, 4218
2168, 973, 6984, 7056, 2950, 2214, 1183, 5512, 7776, 37, 30, 7950, 3161, 6431, 6391, 2667, 3486, 5950, 4769, 7077
5124, 815, 5067, 8316, 2927, 4710, 6371, 4860, 861, 8107, 2417, 1323, 8328, 4941, 5780, 2606, 4135, 259, 480, 4360
1339, 7235, 3252, 7999, 208, 8475, 5103, 5963, 4754, 5422, 5161, 2262, 406, 2359, 118, 8399, 3440, 6308, 2549, 7677
7144, 831, 3219, 3534, 2198, 4841, 4335, 3275, 3545, 7938, 5252, 5198, 2245, 3455, 1225, 83, 7568, 5689, 5078, 8345
5775, 5704, 8305, 7557, 6290, 4717, 6169, 5280, 3320, 1089, 6426, 2234, 491, 6759, 5386, 3564, 2891, 3810, 4434, 2033
6052, 2688, 7884, 1233, 4575, 7586, 2423, 3470, 2299, 787, 7845, 1257, 674, 1962, 869, 6136, 6023, 701, 3368, 2360
3103, 6785, 6332, 7848, 3882, 1112, 1832, 4922, 4998, 1580, 4298, 6972, 3166, 5986, 409, 4714, 6175, 1245, 1275, 6311
5814, 3100, 5001, 8453, 4433, 7811, 7283, 3146, 7544, 2269, 2159, 5158, 6894, 6099, 7237, 519, 2151, 2144, 6180, 7370
311, 6100, 2709, 329, 6265, 4189, 6267, 6423, 3995, 8485, 530, 7318, 2751, 6247, 5458, 5529, 4427, 833, 3346, 6356
6624, 4828, 1715, 1842, 8160, 7342, 4560, 4904, 6832, 7704, 5898, 1163, 2050, 2230, 3605, 4664, 5516, 1134, 8387, 2353
7847, 7079, 8079, 3562, 5758, 3014, 2510, 3819, 8319, 8370, 6246, 1899, 4770, 2944, 6338, 5255, 4196, 2193, 7348, 4055
3929, 6097, 3895, 4669, 4609, 1781, 4550, 6564, 7861, 7399, 3447, 6101, 6184, 8371, 5340, 7933, 3630, 2706, 2567, 3235
3929, 6097, 3895, 4669, 4609, 1781, 4550, 6564, 7861, 7399, 3447, 6101, 6184, 8371, 5340, 7933, 3630, 2706, 2567, 3235
1491, 5076, 7251, 1321, 5756, 744, 6596, 1145, 3653, 7352, 8471, 1548, 786, 4470, 6279, 8209, 453, 7087, 725, 2852
1491, 5076, 7251, 1321, 5756, 744, 6596, 1145, 3653, 7352, 8471, 1548, 786, 4470, 6279, 8209, 453, 7087, 725, 2852
7001, 6885, 1155, 2084, 2580, 2651, 4929, 7982, 7097, 6914, 2437, 5420, 5333, 6654, 87, 5691, 474, 5664, 5815, 4651
7001, 6885, 1155, 2084, 2580, 2651, 4929, 7982, 7097, 6914, 2437, 5420, 5333, 6654, 87, 5691, 474, 5664, 5815, 4651
4494, 6578, 2252, 5195, 3784, 8425, 7650, 3883, 7048, 1085, 3136, 1401, 5985, 109, 4514, 3170, 59, 8121, 403, 546
4494, 6578, 2252, 5195, 3784, 8425, 7650, 3883, 7048, 1085, 3136, 1401, 5985, 109, 4514, 3170, 59, 8121, 403, 546
391, 6470, 5124, 467, 2412, 779, 7290, 1946, 7984, 1878, 8185, 4714, 5468, 4583, 7831, 655, 5137, 7543, 6249, 170
391, 6470, 5124, 467, 2412, 779, 7290, 1946, 7984, 1878, 8185, 4714, 5468, 4583, 7831, 655, 5137, 7543, 6249, 170
4110, 1086, 5518, 5656, 4535, 2521, 6336, 1175, 6033, 5516, 2454, 3084, 357, 348, 4150, 2348, 1745, 2362, 4683, 648
4110, 1086, 5518, 5656, 4535, 2521, 6336, 1175, 6033, 5516, 2454, 3084, 357, 348, 4150, 2348, 1745, 2362, 4683, 648
6140, 984, 8167, 4121, 2947, 6880, 5489, 6795, 4028, 3682, 8388, 1084, 4729, 7241, 4400, 2923, 4050, 3442, 3355, 2371
6140, 984, 8167, 4121, 2947, 6880, 5489, 6795, 4028, 3682, 8388, 1084, 4729, 7241, 4400, 2923, 4050, 3442, 3355, 2371
3059, 3324, 3992, 6076, 8084, 8044, 8098, 5606, 8466, 2930, 1782, 4127, 654, 3576, 1513, 814, 7463, 3204, 1556, 5036
3059, 3324, 3992, 6076, 8084, 8044, 8098, 5606, 8466, 2930, 1782, 4127, 654, 3576, 1513, 814, 7463, 3204, 1556, 5036
6050, 712, 5234, 509, 4674, 4459, 5740, 2443, 5323, 3406, 6323, 4196, 6510, 3946, 7062, 6714, 4866, 3724, 2731, 3466
6050, 712, 5234, 509, 4674, 4459, 5740, 2443, 5323, 3406, 6323, 4196, 6510, 3946, 7062, 6714, 4866, 3724, 2731, 3466
3068, 1365, 997, 7523, 7179, 1935, 5085, 4695, 1683, 6612, 973, 3208, 3440, 3378, 287, 4338, 505, 1151, 2209, 6967
3068, 1365, 997, 7523, 7179, 1935, 5085, 4695, 1683, 6612, 973, 3208, 3440, 3378, 287, 4338, 505, 1151, 2209, 6967
3929, 6097, 3895, 4669, 4609, 1781, 4550, 6564, 7861, 7399, 3447, 6101, 6184, 8371, 5340, 7933, 3630, 2706, 2567, 3235
1491, 5076, 7251, 1321, 5756, 744, 6596, 1145, 3653, 7352, 8471, 1548, 786, 4470, 6279, 8209, 453, 7087, 725, 2852
1361, 2438, 1600, 5021, 3525, 7935, 3222, 7003, 3294, 4665, 7410, 5904, 5424, 7800, 3123, 6906, 5840, 6134, 2734, 8149
1361, 2438, 1600, 5021, 3525, 7935, 3222, 7003, 3294, 4665, 7410, 5904, 5424, 7800, 3123, 6906, 5840, 6134, 2734, 8149
7001, 6885, 1155, 2084, 2580, 2651, 4929, 7982, 7097, 6914, 2437, 5420, 5333, 6654, 87, 5691, 474, 5664, 5815, 4651
6897, 4988, 8370, 1485, 6086, 5348, 3295, 2112, 2544, 8082, 1963, 2936, 536, 2879, 899, 1189, 7837, 7233, 4595, 5595
4494, 6578, 2252, 5195, 3784, 8425, 7650, 3883, 7048, 1085, 3136, 1401, 5985, 109, 4514, 3170, 59, 8121, 403, 546
6897, 4988, 8370, 1485, 6086, 5348, 3295, 2112, 2544, 8082, 1963, 2936, 536, 2879, 899, 1189, 7837, 7233, 4595, 5595
391, 6470, 5124, 467, 2412, 779, 7290, 1946, 7984, 1878, 8185, 4714, 5468, 4583, 7831, 655, 5137, 7543, 6249, 170
6044, 8032, 3332, 5662, 1842, 2224, 4428, 607, 7878, 892, 7057, 7945, 8210, 3073, 6712, 5938, 3266, 4773, 7536, 8516
6044, 8032, 3332, 5662, 1842, 2224, 4428, 607, 7878, 892, 7057, 7945, 8210, 3073, 6712, 5938, 3266, 4773, 7536, 8516
4110, 1086, 5518, 5656, 4535, 2521, 6336, 1175, 6033, 5516, 2454, 3084, 357, 348, 4150, 2348, 1745, 2362, 4683, 648
7312, 5257, 980, 6247, 8101, 7182, 6810, 4074, 5795, 1942, 848, 2417, 270, 5022, 6145, 4992, 7661, 1107, 861, 6301
7312, 5257, 980, 6247, 8101, 7182, 6810, 4074, 5795, 1942, 848, 2417, 270, 5022, 6145, 4992, 7661, 1107, 861, 6301
6140, 984, 8167, 4121, 2947, 6880, 5489, 6795, 4028, 3682, 8388, 1084, 4729, 7241, 4400, 2923, 4050, 3442, 3355, 2371
4611, 2573, 7390, 5381, 2073, 563, 8436, 6648, 5473, 3215, 7978, 5145, 3868, 6409, 1376, 349, 6169, 1872, 2267, 7775
4611, 2573, 7390, 5381, 2073, 563, 8436, 6648, 5473, 3215, 7978, 5145, 3868, 6409, 1376, 349, 6169, 1872, 2267, 7775
3059, 3324, 3992, 6076, 8084, 8044, 8098, 5606, 8466, 2930, 1782, 4127, 654, 3576, 1513, 814, 7463, 3204, 1556, 5036
6050, 712, 5234, 509, 4674, 4459, 5740, 2443, 5323, 3406, 6323, 4196, 6510, 3946, 7062, 6714, 4866, 3724, 2731, 3466
3155, 3789, 3762, 4327, 526, 5235, 1916, 4630, 4517, 4212, 561, 4369, 4971, 4634, 1777, 743, 1780, 4592, 4133, 2997
3155, 3789, 3762, 4327, 526, 5235, 1916, 4630, 4517, 4212, 561, 4369, 4971, 4634, 1777, 743, 1780, 4592, 4133, 2997
3068, 1365, 997, 7523, 7179, 1935, 5085, 4695, 1683, 6612, 973, 3208, 3440, 3378, 287, 4338, 505, 1151, 2209, 6967
4150, 2619, 3829, 1913, 4853, 8385, 5772, 8406, 692, 7677, 3666, 4646, 5256, 6453, 2769, 2566, 5612, 868, 4740, 7803
4150, 2619, 3829, 1913, 4853, 8385, 5772, 8406, 692, 7677, 3666, 4646, 5256, 6453, 2769, 2566, 5612, 868, 4740, 7803
1361, 2438, 1600, 5021, 3525, 7935, 3222, 7003, 3294, 4665, 7410, 5904, 5424, 7800, 3123, 6906, 5840, 6134, 2734, 8149
3906, 5103, 7547, 6385, 6775, 5478, 4031, 4220, 5546, 1840, 1074, 5192, 225, 6423, 6327, 7950, 6980, 1251, 3638, 6356
3906, 5103, 7547, 6385, 6775, 5478, 4031, 4220, 5546, 1840, 1074, 5192, 225, 6423, 6327, 7950, 6980, 1251, 3638, 6356
6468, 5151, 7494, 7243, 7683, 5351, 2161, 5616, 3344, 1000, 2123, 4112, 754, 476, 4334, 7044, 8216, 4750, 242, 4924
6897, 4988, 8370, 1485, 6086, 5348, 3295, 2112, 2544, 8082, 1963, 2936, 536, 2879, 899, 1189, 7837, 7233, 4595, 5595
6468, 5151, 7494, 7243, 7683, 5351, 2161, 5616, 3344, 1000, 2123, 4112, 754, 476, 4334, 7044, 8216, 4750, 242, 4924
7158, 1247, 3781, 604, 396, 4817, 3833, 1686, 8000, 4100, 6059, 1458, 2000, 7170, 6563, 2541, 7195, 7017, 7065, 1443
7158, 1247, 3781, 604, 396, 4817, 3833, 1686, 8000, 4100, 6059, 1458, 2000, 7170, 6563, 2541, 7195, 7017, 7065, 1443
6044, 8032, 3332, 5662, 1842, 2224, 4428, 607, 7878, 892, 7057, 7945, 8210, 3073, 6712, 5938, 3266, 4773, 7536, 8516
7156, 3439, 3984, 1399, 4920, 7450, 1580, 2354, 2855, 3862, 8084, 7710, 2768, 5824, 6998, 2037, 5054, 3248, 2168, 5402
7156, 3439, 3984, 1399, 4920, 7450, 1580, 2354, 2855, 3862, 8084, 7710, 2768, 5824, 6998, 2037, 5054, 3248, 2168, 5402
7312, 5257, 980, 6247, 8101, 7182, 6810, 4074, 5795, 1942, 848, 2417, 270, 5022, 6145, 4992, 7661, 1107, 861, 6301
5091, 8460, 2509, 5320, 2570, 7304, 6142, 6208, 8281, 8067, 3933, 8488, 5107, 5428, 3649, 4667, 3810, 884, 3792, 5669
5091, 8460, 2509, 5320, 2570, 7304, 6142, 6208, 8281, 8067, 3933, 8488, 5107, 5428, 3649, 4667, 3810, 884, 3792, 5669
1519, 8423, 6144, 2060, 4129, 2577, 7907, 7532, 7849, 2792, 4394, 4228, 1535, 4531, 7180, 3263, 5299, 515, 7922, 1656
1519, 8423, 6144, 2060, 4129, 2577, 7907, 7532, 7849, 2792, 4394, 4228, 1535, 4531, 7180, 3263, 5299, 515, 7922, 1656
4611, 2573, 7390, 5381, 2073, 563, 8436, 6648, 5473, 3215, 7978, 5145, 3868, 6409, 1376, 349, 6169, 1872, 2267, 7775
1671, 1589, 5746, 97, 1120, 3366, 4237, 7116, 4661, 7300, 6273, 2416, 7600, 630, 4953, 4332, 107, 5587, 386, 6209
1671, 1589, 5746, 97, 1120, 3366, 4237, 7116, 4661, 7300, 6273, 2416, 7600, 630, 4953, 4332, 107, 5587, 386, 6209
3155, 3789, 3762, 4327, 526, 5235, 1916, 4630, 4517, 4212, 561, 4369, 4971, 4634, 1777, 743, 1780, 4592, 4133, 2997
2431, 5889, 8065, 2642, 1488, 829, 2827, 4128, 8342, 8428, 5869, 6104, 5222, 4239, 5957, 6971, 1179, 4308, 1516, 2957
2431, 5889, 8065, 2642, 1488, 829, 2827, 4128, 8342, 8428, 5869, 6104, 5222, 4239, 5957, 6971, 1179, 4308, 1516, 2957
5161, 7410, 8062, 8168, 6659, 2365, 4320, 2183, 2021, 2415, 2118, 6997, 4247, 4957, 6, 645, 4439, 6078, 724, 1370
5161, 7410, 8062, 8168, 6659, 2365, 4320, 2183, 2021, 2415, 2118, 6997, 4247, 4957, 6, 645, 4439, 6078, 724, 1370
4150, 2619, 3829, 1913, 4853, 8385, 5772, 8406, 692, 7677, 3666, 4646, 5256, 6453, 2769, 2566, 5612, 868, 4740, 7803
3906, 5103, 7547, 6385, 6775, 5478, 4031, 4220, 5546, 1840, 1074, 5192, 225, 6423, 6327, 7950, 6980, 1251, 3638, 6356
3835, 2380, 517, 1873, 2623, 7428, 5193, 839, 4689, 1195, 1496, 1771, 2658, 3268, 3959, 2948, 328, 6472, 1550, 1524
3835, 2380, 517, 1873, 2623, 7428, 5193, 839, 4689, 1195, 1496, 1771, 2658, 3268, 3959, 2948, 328, 6472, 1550, 1524
6468, 5151, 7494, 7243, 7683, 5351, 2161, 5616, 3344, 1000, 2123, 4112, 754, 476, 4334, 7044, 8216, 4750, 242, 4924
7087, 2801, 3219, 5947, 331, 4821, 309, 5880, 7244, 3301, 5435, 1805, 2367, 3847, 5173, 4185, 5660, 7136, 4606, 2529
7087, 2801, 3219, 5947, 331, 4821, 309, 5880, 7244, 3301, 5435, 1805, 2367, 3847, 5173, 4185, 5660, 7136, 4606, 2529
7158, 1247, 3781, 604, 396, 4817, 3833, 1686, 8000, 4100, 6059, 1458, 2000, 7170, 6563, 2541, 7195, 7017, 7065, 1443
7156, 3439, 3984, 1399, 4920, 7450, 1580, 2354, 2855, 3862, 8084, 7710, 2768, 5824, 6998, 2037, 5054, 3248, 2168, 5402
3890, 3654, 6334, 188, 5050, 2766, 4864, 1790, 7059, 7636, 5916, 6055, 5593, 4889, 3041, 4154, 2341, 7325, 8402, 3228
3890, 3654, 6334, 188, 5050, 2766, 4864, 1790, 7059, 7636, 5916, 6055, 5593, 4889, 3041, 4154, 2341, 7325, 8402, 3228
5091, 8460, 2509, 5320, 2570, 7304, 6142, 6208, 8281, 8067, 3933, 8488, 5107, 5428, 3649, 4667, 3810, 884, 3792, 5669
7263, 3151, 3350, 2689, 4655, 4596, 6978, 6424, 7270, 6088, 5339, 6668, 3182, 2715, 825, 5791, 3229, 739, 6869, 1312
7263, 3151, 3350, 2689, 4655, 4596, 6978, 6424, 7270, 6088, 5339, 6668, 3182, 2715, 825, 5791, 3229, 739, 6869, 1312
1519, 8423, 6144, 2060, 4129, 2577, 7907, 7532, 7849, 2792, 4394, 4228, 1535, 4531, 7180, 3263, 5299, 515, 7922, 1656
7123, 3555, 314, 6483, 5783, 4739, 2331, 5027, 1741, 545, 6154, 6214, 5207, 1574, 1952, 1653, 2446, 4994, 7030, 1596
7123, 3555, 314, 6483, 5783, 4739, 2331, 5027, 1741, 545, 6154, 6214, 5207, 1574, 1952, 1653, 2446, 4994, 7030, 1596
1671, 1589, 5746, 97, 1120, 3366, 4237, 7116, 4661, 7300, 6273, 2416, 7600, 630, 4953, 4332, 107, 5587, 386, 6209
5558, 6102, 5028, 371, 1902, 2602, 20, 8330, 5664, 6766, 5686, 1100, 8097, 2321, 492, 6570, 408, 5502, 7952, 6047
2431, 5889, 8065, 2642, 1488, 829, 2827, 4128, 8342, 8428, 5869, 6104, 5222, 4239, 5957, 6971, 1179, 4308, 1516, 2957
5558, 6102, 5028, 371, 1902, 2602, 20, 8330, 5664, 6766, 5686, 1100, 8097, 2321, 492, 6570, 408, 5502, 7952, 6047
5161, 7410, 8062, 8168, 6659, 2365, 4320, 2183, 2021, 2415, 2118, 6997, 4247, 4957, 6, 645, 4439, 6078, 724, 1370
3151, 5049, 4743, 51, 4920, 8202, 3246, 6769, 3127, 889, 6039, 7849, 2639, 7594, 3460, 3769, 5930, 1629, 5960, 3118
3151, 5049, 4743, 51, 4920, 8202, 3246, 6769, 3127, 889, 6039, 7849, 2639, 7594, 3460, 3769, 5930, 1629, 5960, 3118
3835, 2380, 517, 1873, 2623, 7428, 5193, 839, 4689, 1195, 1496, 1771, 2658, 3268, 3959, 2948, 328, 6472, 1550, 1524
4987, 4984, 8294, 6688, 8107, 5330, 1465, 7306, 2732, 7495, 5719, 7146, 6315, 6938, 7602, 2227, 5471, 1244, 7088, 2869
4987, 4984, 8294, 6688, 8107, 5330, 1465, 7306, 2732, 7495, 5719, 7146, 6315, 6938, 7602, 2227, 5471, 1244, 7088, 2869
6519, 5817, 6244, 7874, 3231, 1985, 3820, 4926, 2667, 7956, 2378, 654, 2673, 6287, 2816, 6753, 915, 5898, 4026, 5020
6519, 5817, 6244, 7874, 3231, 1985, 3820, 4926, 2667, 7956, 2378, 654, 2673, 6287, 2816, 6753, 915, 5898, 4026, 5020
7087, 2801, 3219, 5947, 331, 4821, 309, 5880, 7244, 3301, 5435, 1805, 2367, 3847, 5173, 4185, 5660, 7136, 4606, 2529
3923, 6266, 6868, 5645, 2680, 1166, 1497, 382, 3891, 7567, 8498, 4877, 4988, 6297, 2635, 3644, 5605, 4657, 6221, 4535
3923, 6266, 6868, 5645, 2680, 1166, 1497, 382, 3891, 7567, 8498, 4877, 4988, 6297, 2635, 3644, 5605, 4657, 6221, 4535
3890, 3654, 6334, 188, 5050, 2766, 4864, 1790, 7059, 7636, 5916, 6055, 5593, 4889, 3041, 4154, 2341, 7325, 8402, 3228
1243, 4907, 3282, 3871, 686, 6431, 7480, 7923, 6978, 4613, 5802, 2785, 4035, 5361, 4119, 4325, 5354, 1841, 8075, 2255
1243, 4907, 3282, 3871, 686, 6431, 7480, 7923, 6978, 4613, 5802, 2785, 4035, 5361, 4119, 4325, 5354, 1841, 8075, 2255
5302, 7242, 4700, 5279, 5624, 3097, 5969, 1566, 5287, 7889, 837, 6336, 5576, 2912, 7860, 5621, 7515, 7853, 5931, 493
7263, 3151, 3350, 2689, 4655, 4596, 6978, 6424, 7270, 6088, 5339, 6668, 3182, 2715, 825, 5791, 3229, 739, 6869, 1312
5302, 7242, 4700, 5279, 5624, 3097, 5969, 1566, 5287, 7889, 837, 6336, 5576, 2912, 7860, 5621, 7515, 7853, 5931, 493
1246, 6944, 5589, 2903, 7761, 5995, 3646, 4962, 886, 567, 1946, 3002, 744, 2275, 5662, 673, 6723, 6849, 1215, 5527
1246, 6944, 5589, 2903, 7761, 5995, 3646, 4962, 886, 567, 1946, 3002, 744, 2275, 5662, 673, 6723, 6849, 1215, 5527
7123, 3555, 314, 6483, 5783, 4739, 2331, 5027, 1741, 545, 6154, 6214, 5207, 1574, 1952, 1653, 2446, 4994, 7030, 1596
4429, 1584, 6192, 2068, 8369, 3580, 454, 4139, 1786, 6421, 7927, 2561, 2971, 7913, 530, 4496, 3035, 6440, 1475, 8015
4429, 1584, 6192, 2068, 8369, 3580, 454, 4139, 1786, 6421, 7927, 2561, 2971, 7913, 530, 4496, 3035, 6440, 1475, 8015
5558, 6102, 5028, 371, 1902, 2602, 20, 8330, 5664, 6766, 5686, 1100, 8097, 2321, 492, 6570, 408, 5502, 7952, 6047
2646, 5324, 5544, 1750, 6610, 1603, 1012, 1183, 7667, 4370, 2928, 6339, 933, 6200, 6016, 3415, 7799, 3352, 7474, 3370
2646, 5324, 5544, 1750, 6610, 1603, 1012, 1183, 7667, 4370, 2928, 6339, 933, 6200, 6016, 3415, 7799, 3352, 7474, 3370
1186, 6220, 8362, 7189, 6138, 3791, 2411, 3845, 4493, 3259, 231, 3225, 4684, 2979, 2251, 6627, 3599, 4714, 7262, 4566
1186, 6220, 8362, 7189, 6138, 3791, 2411, 3845, 4493, 3259, 231, 3225, 4684, 2979, 2251, 6627, 3599, 4714, 7262, 4566
3151, 5049, 4743, 51, 4920, 8202, 3246, 6769, 3127, 889, 6039, 7849, 2639, 7594, 3460, 3769, 5930, 1629, 5960, 3118
1638, 3594, 5500, 4998, 6050, 1870, 206, 63, 5007, 65, 6284, 827, 1445, 5904, 6113, 8317, 4723, 2575, 7512, 1489
4987, 4984, 8294, 6688, 8107, 5330, 1465, 7306, 2732, 7495, 5719, 7146, 6315, 6938, 7602, 2227, 5471, 1244, 7088, 2869
1638, 3594, 5500, 4998, 6050, 1870, 206, 63, 5007, 65, 6284, 827, 1445, 5904, 6113, 8317, 4723, 2575, 7512, 1489
6519, 5817, 6244, 7874, 3231, 1985, 3820, 4926, 2667, 7956, 2378, 654, 2673, 6287, 2816, 6753, 915, 5898, 4026, 5020
2922, 5666, 3020, 6355, 8475, 5529, 5915, 5710, 2993, 732, 1897, 5913, 7810, 5084, 3458, 2310, 5776, 4943, 284, 4432
2922, 5666, 3020, 6355, 8475, 5529, 5915, 5710, 2993, 732, 1897, 5913, 7810, 5084, 3458, 2310, 5776, 4943, 284, 4432
3923, 6266, 6868, 5645, 2680, 1166, 1497, 382, 3891, 7567, 8498, 4877, 4988, 6297, 2635, 3644, 5605, 4657, 6221, 4535
788, 7631, 1134, 2879, 1885, 3434, 5965, 6357, 5412, 7307, 480, 2599, 3159, 2554, 81, 2988, 2105, 5040, 6359, 242
1243, 4907, 3282, 3871, 686, 6431, 7480, 7923, 6978, 4613, 5802, 2785, 4035, 5361, 4119, 4325, 5354, 1841, 8075, 2255
788, 7631, 1134, 2879, 1885, 3434, 5965, 6357, 5412, 7307, 480, 2599, 3159, 2554, 81, 2988, 2105, 5040, 6359, 242
5302, 7242, 4700, 5279, 5624, 3097, 5969, 1566, 5287, 7889, 837, 6336, 5576, 2912, 7860, 5621, 7515, 7853, 5931, 493
1977, 2587, 11, 8467, 5578, 7966, 192, 923, 2279, 4422, 583, 7210, 3904, 1709, 4558, 8301, 7323, 3983, 245, 5405
1977, 2587, 11, 8467, 5578, 7966, 192, 923, 2279, 4422, 583, 7210, 3904, 1709, 4558, 8301, 7323, 3983, 245, 5405
1246, 6944, 5589, 2903, 7761, 5995, 3646, 4962, 886, 567, 1946, 3002, 744, 2275, 5662, 673, 6723, 6849, 1215, 5527
4949, 5987, 8048, 648, 7457, 2373, 6920, 6093, 7352, 4582, 112, 3204, 6560, 4680, 297, 5711, 8500, 443, 7126, 3697
4949, 5987, 8048, 648, 7457, 2373, 6920, 6093, 7352, 4582, 112, 3204, 6560, 4680, 297, 5711, 8500, 443, 7126, 3697
4429, 1584, 6192, 2068, 8369, 3580, 454, 4139, 1786, 6421, 7927, 2561, 2971, 7913, 530, 4496, 3035, 6440, 1475, 8015
491, 4252, 3335, 6696, 7333, 8079, 7765, 1910, 2717, 4319, 2552, 512, 4481, 5799, 710, 6859, 600, 707, 3865, 5644
491, 4252, 3335, 6696, 7333, 8079, 7765, 1910, 2717, 4319, 2552, 512, 4481, 5799, 710, 6859, 600, 707, 3865, 5644
2646, 5324, 5544, 1750, 6610, 1603, 1012, 1183, 7667, 4370, 2928, 6339, 933, 6200, 6016, 3415, 7799, 3352, 7474, 3370
1186, 6220, 8362, 7189, 6138, 3791, 2411, 3845, 4493, 3259, 231, 3225, 4684, 2979, 2251, 6627, 3599, 4714, 7262, 4566
4558, 2398, 1863, 1853, 3822, 8380, 456, 1537, 3486, 1988, 5504, 4463, 6713, 4987, 7908, 3051, 7314, 3225, 146, 1102
4558, 2398, 1863, 1853, 3822, 8380, 456, 1537, 3486, 1988, 5504, 4463, 6713, 4987, 7908, 3051, 7314, 3225, 146, 1102
3790, 255, 4576, 8129, 5869, 4190, 5095, 2759, 1005, 6622, 8247, 8250, 620, 6129, 548, 3931, 66, 2971, 4029, 3116
1638, 3594, 5500, 4998, 6050, 1870, 206, 63, 5007, 65, 6284, 827, 1445, 5904, 6113, 8317, 4723, 2575, 7512, 1489
3790, 255, 4576, 8129, 5869, 4190, 5095, 2759, 1005, 6622, 8247, 8250, 620, 6129, 548, 3931, 66, 2971, 4029, 3116
6150, 8153, 4584, 1004, 6303, 3082, 7311, 4793, 4821, 6721, 6412, 6988, 4301, 5325, 1483, 4081, 2488, 5027, 4098, 7677
6150, 8153, 4584, 1004, 6303, 3082, 7311, 4793, 4821, 6721, 6412, 6988, 4301, 5325, 1483, 4081, 2488, 5027, 4098, 7677
2922, 5666, 3020, 6355, 8475, 5529, 5915, 5710, 2993, 732, 1897, 5913, 7810, 5084, 3458, 2310, 5776, 4943, 284, 4432
3185, 152, 5189, 7623, 4174, 7432, 7093, 1057, 7718, 3394, 7963, 193, 4744, 3502, 6833, 1618, 7555, 2112, 8194, 4965
3185, 152, 5189, 7623, 4174, 7432, 7093, 1057, 7718, 3394, 7963, 193, 4744, 3502, 6833, 1618, 7555, 2112, 8194, 4965
5516, 3847, 868, 1123, 5042, 4202, 6992, 5778, 6182, 4727, 6617, 1642, 101, 337, 799, 2036, 1746, 888, 2251, 2541
788, 7631, 1134, 2879, 1885, 3434, 5965, 6357, 5412, 7307, 480, 2599, 3159, 2554, 81, 2988, 2105, 5040, 6359, 242
5516, 3847, 868, 1123, 5042, 4202, 6992, 5778, 6182, 4727, 6617, 1642, 101, 337, 799, 2036, 1746, 888, 2251, 2541
6285, 1538, 5394, 4532, 7235, 2459, 4034, 3717, 7965, 3508, 8298, 957, 1449, 621, 2188, 6079, 179, 590, 4267, 8086
6285, 1538, 5394, 4532, 7235, 2459, 4034, 3717, 7965, 3508, 8298, 957, 1449, 621, 2188, 6079, 179, 590, 4267, 8086
1977, 2587, 11, 8467, 5578, 7966, 192, 923, 2279, 4422, 583, 7210, 3904, 1709, 4558, 8301, 7323, 3983, 245, 5405
4505, 6450, 5687, 246, 682, 472, 6647, 2192, 4907, 6075, 875, 2787, 7826, 1687, 3842, 6565, 2898, 8349, 4005, 1878
4505, 6450, 5687, 246, 682, 472, 6647, 2192, 4907, 6075, 875, 2787, 7826, 1687, 3842, 6565, 2898, 8349, 4005, 1878
4949, 5987, 8048, 648, 7457, 2373, 6920, 6093, 7352, 4582, 112, 3204, 6560, 4680, 297, 5711, 8500, 443, 7126, 3697
1825, 2873, 4017, 6401, 91, 7548, 5482, 1370, 998, 3408, 2446, 34, 3311, 1507, 8149, 7632, 6914, 2480, 7214, 8277
1825, 2873, 4017, 6401, 91, 7548, 5482, 1370, 998, 3408, 2446, 34, 3311, 1507, 8149, 7632, 6914, 2480, 7214, 8277
8319, 1525, 2281, 2041, 550, 7955, 4026, 5751, 3433, 1602, 2137, 8022, 2600, 5884, 5715, 4340, 219, 5389, 3973, 6390
491, 4252, 3335, 6696, 7333, 8079, 7765, 1910, 2717, 4319, 2552, 512, 4481, 5799, 710, 6859, 600, 707, 3865, 5644
8319, 1525, 2281, 2041, 550, 7955, 4026, 5751, 3433, 1602, 2137, 8022, 2600, 5884, 5715, 4340, 219, 5389, 3973, 6390
6950, 2682, 3522, 779, 859, 3292, 177, 7538, 8237, 6923, 7334, 5909, 8158, 1935, 8362, 3151, 3471, 6930, 7870, 8099
6950, 2682, 3522, 779, 859, 3292, 177, 7538, 8237, 6923, 7334, 5909, 8158, 1935, 8362, 3151, 3471, 6930, 7870, 8099
4558, 2398, 1863, 1853, 3822, 8380, 456, 1537, 3486, 1988, 5504, 4463, 6713, 4987, 7908, 3051, 7314, 3225, 146, 1102
8308, 2194, 0, 4804, 4910, 6867, 6695, 2393, 5208, 4601, 474, 487, 7673, 3500, 370, 7771, 6557, 2013, 4177, 6800
8308, 2194, 0, 4804, 4910, 6867, 6695, 2393, 5208, 4601, 474, 487, 7673, 3500, 370, 7771, 6557, 2013, 4177, 6800
3790, 255, 4576, 8129, 5869, 4190, 5095, 2759, 1005, 6622, 8247, 8250, 620, 6129, 548, 3931, 66, 2971, 4029, 3116
2949, 1208, 544, 4225, 5437, 4768, 1677, 5278, 3970, 1529, 5972, 5951, 7367, 3208, 5073, 1789, 3647, 2404, 7777, 5682
6150, 8153, 4584, 1004, 6303, 3082, 7311, 4793, 4821, 6721, 6412, 6988, 4301, 5325, 1483, 4081, 2488, 5027, 4098, 7677
2949, 1208, 544, 4225, 5437, 4768, 1677, 5278, 3970, 1529, 5972, 5951, 7367, 3208, 5073, 1789, 3647, 2404, 7777, 5682
3185, 152, 5189, 7623, 4174, 7432, 7093, 1057, 7718, 3394, 7963, 193, 4744, 3502, 6833, 1618, 7555, 2112, 8194, 4965
7147, 6207, 2418, 3092, 2651, 1515, 6042, 8142, 4541, 4673, 2771, 7880, 6954, 8526, 4335, 7400, 5384, 103, 3096, 463
7147, 6207, 2418, 3092, 2651, 1515, 6042, 8142, 4541, 4673, 2771, 7880, 6954, 8526, 4335, 7400, 5384, 103, 3096, 463
5516, 3847, 868, 1123, 5042, 4202, 6992, 5778, 6182, 4727, 6617, 1642, 101, 337, 799, 2036, 1746, 888, 2251, 2541
3455, 4061, 2736, 4681, 7020, 7185, 6076, 5315, 6219, 510, 112, 7975, 4249, 4525, 5699, 448, 3796, 564, 1734, 4506
6285, 1538, 5394, 4532, 7235, 2459, 4034, 3717, 7965, 3508, 8298, 957, 1449, 621, 2188, 6079, 179, 590, 4267, 8086
3455, 4061, 2736, 4681, 7020, 7185, 6076, 5315, 6219, 510, 112, 7975, 4249, 4525, 5699, 448, 3796, 564, 1734, 4506
4505, 6450, 5687, 246, 682, 472, 6647, 2192, 4907, 6075, 875, 2787, 7826, 1687, 3842, 6565, 2898, 8349, 4005, 1878
6934, 43, 656, 7508, 6903, 4186, 2920, 55, 8315, 2911, 2635, 2925, 2288, 5264, 7997, 5786, 1764, 2923, 1535, 1705
6934, 43, 656, 7508, 6903, 4186, 2920, 55, 8315, 2911, 2635, 2925, 2288, 5264, 7997, 5786, 1764, 2923, 1535, 1705
1825, 2873, 4017, 6401, 91, 7548, 5482, 1370, 998, 3408, 2446, 34, 3311, 1507, 8149, 7632, 6914, 2480, 7214, 8277
7168, 851, 215, 4668, 6321, 7715, 449, 4933, 5877, 3260, 5069, 1377, 5900, 8218, 1518, 4670, 5348, 3977, 4923, 1675
7168, 851, 215, 4668, 6321, 7715, 449, 4933, 5877, 3260, 5069, 1377, 5900, 8218, 1518, 4670, 5348, 3977, 4923, 1675
8319, 1525, 2281, 2041, 550, 7955, 4026, 5751, 3433, 1602, 2137, 8022, 2600, 5884, 5715, 4340, 219, 5389, 3973, 6390
6950, 2682, 3522, 779, 859, 3292, 177, 7538, 8237, 6923, 7334, 5909, 8158, 1935, 8362, 3151, 3471, 6930, 7870, 8099
3163, 5739, 547, 862, 5094, 4506, 5324, 6775, 225, 2739, 752, 511, 6029, 1656, 1864, 8043, 2389, 6557, 4024, 8234
3163, 5739, 547, 862, 5094, 4506, 5324, 6775, 225, 2739, 752, 511, 6029, 1656, 1864, 8043, 2389, 6557, 4024, 8234
1736, 5102, 4918, 7389, 294, 4738, 7916, 2117, 7392, 1186, 4562, 6645, 6464, 6145, 3617, 5439, 6449, 8121, 1208, 3587
1736, 5102, 4918, 7389, 294, 4738, 7916, 2117, 7392, 1186, 4562, 6645, 6464, 6145, 3617, 5439, 6449, 8121, 1208, 3587
8308, 2194, 0, 4804, 4910, 6867, 6695, 2393, 5208, 4601, 474, 487, 7673, 3500, 370, 7771, 6557, 2013, 4177, 6800
1841, 1514, 6948, 8409, 8280, 8500, 4353, 7546, 4031, 6623, 5851, 6772, 2571, 5130, 1731, 2845, 6120, 2053, 4994, 797
1841, 1514, 6948, 8409, 8280, 8500, 4353, 7546, 4031, 6623, 5851, 6772, 2571, 5130, 1731, 2845, 6120, 2053, 4994, 797
2949, 1208, 544, 4225, 5437, 4768, 1677, 5278, 3970, 1529, 5972, 5951, 7367, 3208, 5073, 1789, 3647, 2404, 7777, 5682
6680, 120, 4960, 5799, 4468, 5096, 8462, 4058, 7750, 6757, 3818, 4120, 1409, 2369, 4566, 7367, 8101, 4825, 1135, 1215
6680, 120, 4960, 5799, 4468, 5096, 8462, 4058, 7750, 6757, 3818, 4120, 1409, 2369, 4566, 7367, 8101, 4825, 1135, 1215
303, 5051, 7009, 3299, 2098, 4778, 6710, 4102, 7726, 4174, 7982, 2303, 5119, 7324, 3651, 4893, 2132, 8457, 6779, 4218
303, 5051, 7009, 3299, 2098, 4778, 6710, 4102, 7726, 4174, 7982, 2303, 5119, 7324, 3651, 4893, 2132, 8457, 6779, 4218
7147, 6207, 2418, 3092, 2651, 1515, 6042, 8142, 4541, 4673, 2771, 7880, 6954, 8526, 4335, 7400, 5384, 103, 3096, 463
2168, 973, 6984, 7056, 2950, 2214, 1183, 5512, 7776, 37, 30, 7950, 3161, 6431, 6391, 2667, 3486, 5950, 4769, 7077
2168, 973, 6984, 7056, 2950, 2214, 1183, 5512, 7776, 37, 30, 7950, 3161, 6431, 6391, 2667, 3486, 5950, 4769, 7077
3455, 4061, 2736, 4681, 7020, 7185, 6076, 5315, 6219, 510, 112, 7975, 4249, 4525, 5699, 448, 3796, 564, 1734, 4506
5124, 815, 5067, 8316, 2927, 4710, 6371, 4860, 861, 8107, 2417, 1323, 8328, 4941, 5780, 2606, 4135, 259, 480, 4360
5124, 815, 5067, 8316, 2927, 4710, 6371, 4860, 861, 8107, 2417, 1323, 8328, 4941, 5780, 2606, 4135, 259, 480, 4360
6934, 43, 656, 7508, 6903, 4186, 2920, 55, 8315, 2911, 2635, 2925, 2288, 5264, 7997, 5786, 1764, 2923, 1535, 1705
1339, 7235, 3252, 7999, 208, 8475, 5103, 5963, 4754, 5422, 5161, 2262, 406, 2359, 118, 8399, 3440, 6308, 2549, 7677
1339, 7235, 3252, 7999, 208, 8475, 5103, 5963, 4754, 5422, 5161, 2262, 406, 2359, 118, 8399, 3440, 6308, 2549, 7677
7144, 831, 3219, 3534, 2198, 4841, 4335, 3275, 3545, 7938, 5252, 5198, 2245, 3455, 1225, 83, 7568, 5689, 5078, 8345
7168, 851, 215, 4668, 6321, 7715, 449, 4933, 5877, 3260, 5069, 1377, 5900, 8218, 1518, 4670, 5348, 3977, 4923, 1675
7144, 831, 3219, 3534, 2198, 4841, 4335, 3275, 3545, 7938, 5252, 5198, 2245, 3455, 1225, 83, 7568, 5689, 5078, 8345
5775, 5704, 8305, 7557, 6290, 4717, 6169, 5280, 3320, 1089, 6426, 2234, 491, 6759, 5386, 3564, 2891, 3810, 4434, 2033
5775, 5704, 8305, 7557, 6290, 4717, 6169, 5280, 3320, 1089, 6426, 2234, 491, 6759, 5386, 3564, 2891, 3810, 4434, 2033
3163, 5739, 547, 862, 5094, 4506, 5324, 6775, 225, 2739, 752, 511, 6029, 1656, 1864, 8043, 2389, 6557, 4024, 8234
6052, 2688, 7884, 1233, 4575, 7586, 2423, 3470, 2299, 787, 7845, 1257, 674, 1962, 869, 6136, 6023, 701, 3368, 2360
6052, 2688, 7884, 1233, 4575, 7586, 2423, 3470, 2299, 787, 7845, 1257, 674, 1962, 869, 6136, 6023, 701, 3368, 2360
1736, 5102, 4918, 7389, 294, 4738, 7916, 2117, 7392, 1186, 4562, 6645, 6464, 6145, 3617, 5439, 6449, 8121, 1208, 3587
3103, 6785, 6332, 7848, 3882, 1112, 1832, 4922, 4998, 1580, 4298, 6972, 3166, 5986, 409, 4714, 6175, 1245, 1275, 6311
1841, 1514, 6948, 8409, 8280, 8500, 4353, 7546, 4031, 6623, 5851, 6772, 2571, 5130, 1731, 2845, 6120, 2053, 4994, 797
3103, 6785, 6332, 7848, 3882, 1112, 1832, 4922, 4998, 1580, 4298, 6972, 3166, 5986, 409, 4714, 6175, 1245, 1275, 6311
6680, 120, 4960, 5799, 4468, 5096, 8462, 4058, 7750, 6757, 3818, 4120, 1409, 2369, 4566, 7367, 8101, 4825, 1135, 1215
5814, 3100, 5001, 8453, 4433, 7811, 7283, 3146, 7544, 2269, 2159, 5158, 6894, 6099, 7237, 519, 2151, 2144, 6180, 7370
5814, 3100, 5001, 8453, 4433, 7811, 7283, 3146, 7544, 2269, 2159, 5158, 6894, 6099, 7237, 519, 2151, 2144, 6180, 7370
303, 5051, 7009, 3299, 2098, 4778, 6710, 4102, 7726, 4174, 7982, 2303, 5119, 7324, 3651, 4893, 2132, 8457, 6779, 4218
311, 6100, 2709, 329, 6265, 4189, 6267, 6423, 3995, 8485, 530, 7318, 2751, 6247, 5458, 5529, 4427, 833, 3346, 6356
2168, 973, 6984, 7056, 2950, 2214, 1183, 5512, 7776, 37, 30, 7950, 3161, 6431, 6391, 2667, 3486, 5950, 4769, 7077
311, 6100, 2709, 329, 6265, 4189, 6267, 6423, 3995, 8485, 530, 7318, 2751, 6247, 5458, 5529, 4427, 833, 3346, 6356
5124, 815, 5067, 8316, 2927, 4710, 6371, 4860, 861, 8107, 2417, 1323, 8328, 4941, 5780, 2606, 4135, 259, 480, 4360
6624, 4828, 1715, 1842, 8160, 7342, 4560, 4904, 6832, 7704, 5898, 1163, 2050, 2230, 3605, 4664, 5516, 1134, 8387, 2353
6624, 4828, 1715, 1842, 8160, 7342, 4560, 4904, 6832, 7704, 5898, 1163, 2050, 2230, 3605, 4664, 5516, 1134, 8387, 2353
1339, 7235, 3252, 7999, 208, 8475, 5103, 5963, 4754, 5422, 5161, 2262, 406, 2359, 118, 8399, 3440, 6308, 2549, 7677
7847, 7079, 8079, 3562, 5758, 3014, 2510, 3819, 8319, 8370, 6246, 1899, 4770, 2944, 6338, 5255, 4196, 2193, 7348, 4055
7847, 7079, 8079, 3562, 5758, 3014, 2510, 3819, 8319, 8370, 6246, 1899, 4770, 2944, 6338, 5255, 4196, 2193, 7348, 4055
7144, 831, 3219, 3534, 2198, 4841, 4335, 3275, 3545, 7938, 5252, 5198, 2245, 3455, 1225, 83, 7568, 5689, 5078, 8345
5775, 5704, 8305, 7557, 6290, 4717, 6169, 5280, 3320, 1089, 6426, 2234, 491, 6759, 5386, 3564, 2891, 3810, 4434, 2033
6052, 2688, 7884, 1233, 4575, 7586, 2423, 3470, 2299, 787, 7845, 1257, 674, 1962, 869, 6136, 6023, 701, 3368, 2360
3103, 6785, 6332, 7848, 3882, 1112, 1832, 4922, 4998, 1580, 4298, 6972, 3166, 5986, 409, 4714, 6175, 1245, 1275, 6311
5814, 3100, 5001, 8453, 4433, 7811, 7283, 3146, 7544, 2269, 2159, 5158, 6894, 6099, 7237, 519, 2151, 2144, 6180, 7370
311, 6100, 2709, 329, 6265, 4189, 6267, 6423, 3995, 8485, 530, 7318, 2751, 6247, 5458, 5529, 4427, 833, 3346, 6356
6624, 4828, 1715, 1842, 8160, 7342, 4560, 4904, 6832, 7704, 5898, 1163, 2050, 2230, 3605, 4664, 5516, 1134, 8387, 2353
7847, 7079, 8079, 3562, 5758, 3014, 2510, 3819, 8319, 8370, 6246, 1899, 4770, 2944, 6338, 5255, 4196, 2193, 7348, 4055
3929, 6097, 3895, 4669, 4609, 1781, 4550, 6564, 7861, 7399, 3447, 6101, 6184, 8371, 5340, 7933, 3630, 2706, 2567, 3235
1491, 5076, 7251, 1321, 5756, 744, 6596, 1145, 3653, 7352, 8471, 1548, 786, 4470, 6279, 8209, 453, 7087, 725, 2852
7001, 6885, 1155, 2084, 2580, 2651, 4929, 7982, 7097, 6914, 2437, 5420, 5333, 6654, 87, 5691, 474, 5664, 5815, 4651
4494, 6578, 2252, 5195, 3784, 8425, 7650, 3883, 7048, 1085, 3136, 1401, 5985, 109, 4514, 3170, 59, 8121, 403, 546
391, 6470, 5124, 467, 2412, 779, 7290, 1946, 7984, 1878, 8185, 4714, 5468, 4583, 7831, 655, 5137, 7543, 6249, 170
4110, 1086, 5518, 5656, 4535, 2521, 6336, 1175, 6033, 5516, 2454, 3084, 357, 348, 4150, 2348, 1745, 2362, 4683, 648
6140, 984, 8167, 4121, 2947, 6880, 5489, 6795, 4028, 3682, 8388, 1084, 4729, 7241, 4400, 2923, 4050, 3442, 3355, 2371
3059, 3324, 3992, 6076, 8084, 8044, 8098, 5606, 8466, 2930, 1782, 4127, 654, 3576, 1513, 814, 7463, 3204, 1556, 5036
6050, 712, 5234, 509, 4674, 4459, 5740, 2443, 5323, 3406, 6323, 4196, 6510, 3946, 7062, 6714, 4866, 3724, 2731, 3466
3068, 1365, 997, 7523, 7179, 1935, 5085, 4695, 1683, 6612, 973, 3208, 3440, 3378, 287, 4338, 505, 1151, 2209, 6967
1361, 2438, 1600, 5021, 3525, 7935, 3222, 7003, 3294, 4665, 7410, 5904, 5424, 7800, 3123, 6906, 5840, 6134, 2734, 8149
6897, 4988, 8370, 1485, 6086, 5348, 3295, 2112, 2544, 8082, 1963, 2936, 536, 2879, 899, 1189, 7837, 7233, 4595, 5595
6044, 8032, 3332, 5662, 1842, 2224, 4428, 607, 7878, 892, 7057, 7945, 8210, 3073, 6712, 5938, 3266, 4773, 7536, 8516
7312, 5257, 980, 6247, 8101, 7182, 6810, 4074, 5795, 1942, 848, 2417, 270, 5022, 6145, 4992, 7661, 1107, 861, 6301
4611, 2573, 7390, 5381, 2073, 563, 8436, 6648, 5473, 3215, 7978, 5145, 3868, 6409, 1376, 349, 6169, 1872, 2267, 7775
3155, 3789, 3762, 4327, 526, 5235, 1916, 4630, 4517, 4212, 561, 4369, 4971, 4634, 1777, 743, 1780, 4592, 4133, 2997
4150, 2619, 3829, 1913, 4853, 8385, 5772, 8406, 692, 7677, 3666, 4646, 5256, 6453, 2769, 2566, 5612, 868, 4740, 7803
3906, 5103, 7547, 6385, 6775, 5478, 4031, 4220, 5546, 1840, 1074, 5192, 225, 6423, 6327, 7950, 6980, 1251, 3638, 6356
6468, 5151, 7494, 7243, 7683, 5351, 2161, 5616, 3344, 1000, 2123, 4112, 754, 476, 4334, 7044, 8216, 4750, 242, 4924
7158, 1247, 3781, 604, 396, 4817, 3833, 1686, 8000, 4100, 6059, 1458, 2000, 7170, 6563, 2541, 7195, 7017, 7065, 1443
7156, 3439, 3984, 1399, 4920, 7450, 1580, 2354, 2855, 3862, 8084, 7710, 2768, 5824, 6998, 2037, 5054, 3248, 2168, 5402
5091, 8460, 2509, 5320, 2570, 7304, 6142, 6208, 8281, 8067, 3933, 8488, 5107, 5428, 3649, 4667, 3810, 884, 3792, 5669
1519, 8423, 6144, 2060, 4129, 2577, 7907, 7532, 7849, 2792, 4394, 4228, 1535, 4531, 7180, 3263, 5299, 515, 7922, 1656
1671, 1589, 5746, 97, 1120, 3366, 4237, 7116, 4661, 7300, 6273, 2416, 7600, 630, 4953, 4332, 107, 5587, 386, 6209
2431, 5889, 8065, 2642, 1488, 829, 2827, 4128, 8342, 8428, 5869, 6104, 5222, 4239, 5957, 6971, 1179, 4308, 1516, 2957
5161, 7410, 8062, 8168, 6659, 2365, 4320, 2183, 2021, 2415, 2118, 6997, 4247, 4957, 6, 645, 4439, 6078, 724, 1370
3835, 2380, 517, 1873, 2623, 7428, 5193, 839, 4689, 1195, 1496, 1771, 2658, 3268, 3959, 2948, 328, 6472, 1550, 1524
7087, 2801, 3219, 5947, 331, 4821, 309, 5880, 7244, 3301, 5435, 1805, 2367, 3847, 5173, 4185, 5660, 7136, 4606, 2529
3890, 3654, 6334, 188, 5050, 2766, 4864, 1790, 7059, 7636, 5916, 6055, 5593, 4889, 3041, 4154, 2341, 7325, 8402, 3228
7263, 3151, 3350, 2689, 4655, 4596, 6978, 6424, 7270, 6088, 5339, 6668, 3182, 2715, 825, 5791, 3229, 739, 6869, 1312
7123, 3555, 314, 6483, 5783, 4739, 2331, 5027, 1741, 545, 6154, 6214, 5207, 1574, 1952, 1653, 2446, 4994, 7030, 1596
5558, 6102, 5028, 371, 1902, 2602, 20, 8330, 5664, 6766, 5686, 1100, 8097, 2321, 492, 6570, 408, 5502, 7952, 6047
3151, 5049, 4743, 51, 4920, 8202, 3246, 6769, 3127, 889, 6039, 7849, 2639, 7594, 3460, 3769, 5930, 1629, 5960, 3118
4987, 4984, 8294, 6688, 8107, 5330, 1465, 7306, 2732, 7495, 5719, 7146, 6315, 6938, 7602, 2227, 5471, 1244, 7088, 2869
6519, 5817, 6244, 7874, 3231, 1985, 3820, 4926, 2667, 7956, 2378, 654, 2673, 6287, 2816, 6753, 915, 5898, 4026, 5020
3923, 6266, 6868, 5645, 2680, 1166, 1497, 382, 3891, 7567, 8498, 4877, 4988, 6297, 2635, 3644, 5605, 4657, 6221, 4535
1243, 4907, 3282, 3871, 686, 6431, 7480, 7923, 6978, 4613, 5802, 2785, 4035, 5361, 4119, 4325, 5354, 1841, 8075, 2255
5302, 7242, 4700, 5279, 5624, 3097, 5969, 1566, 5287, 7889, 837, 6336, 5576, 2912, 7860, 5621, 7515, 7853, 5931, 493
1246, 6944, 5589, 2903, 7761, 5995, 3646, 4962, 886, 567, 1946, 3002, 744, 2275, 5662, 673, 6723, 6849, 1215, 5527
4429, 1584, 6192, 2068, 8369, 3580, 454, 4139, 1786, 6421, 7927, 2561, 2971, 7913, 530, 4496, 3035, 6440, 1475, 8015
2646, 5324, 5544, 1750, 6610, 1603, 1012, 1183, 7667, 4370, 2928, 6339, 933, 6200, 6016, 3415, 7799, 3352, 7474, 3370
1186, 6220, 8362, 7189, 6138, 3791, 2411, 3845, 4493, 3259, 231, 3225, 4684, 2979, 2251, 6627, 3599, 4714, 7262, 4566
1638, 3594, 5500, 4998, 6050, 1870, 206, 63, 5007, 65, 6284, 827, 1445, 5904, 6113, 8317, 4723, 2575, 7512, 1489
2922, 5666, 3020, 6355, 8475, 5529, 5915, 5710, 2993, 732, 1897, 5913, 7810, 5084, 3458, 2310, 5776, 4943, 284, 4432
788, 7631, 1134, 2879, 1885, 3434, 5965, 6357, 5412, 7307, 480, 2599, 3159, 2554, 81, 2988, 2105, 5040, 6359, 242
1977, 2587, 11, 8467, 5578, 7966, 192, 923, 2279, 4422, 583, 7210, 3904, 1709, 4558, 8301, 7323, 3983, 245, 5405
4949, 5987, 8048, 648, 7457, 2373, 6920, 6093, 7352, 4582, 112, 3204, 6560, 4680, 297, 5711, 8500, 443, 7126, 3697
491, 4252, 3335, 6696, 7333, 8079, 7765, 1910, 2717, 4319, 2552, 512, 4481, 5799, 710, 6859, 600, 707, 3865, 5644
4558, 2398, 1863, 1853, 3822, 8380, 456, 1537, 3486, 1988, 5504, 4463, 6713, 4987, 7908, 3051, 7314, 3225, 146, 1102
3790, 255, 4576, 8129, 5869, 4190, 5095, 2759, 1005, 6622, 8247, 8250, 620, 6129, 548, 3931, 66, 2971, 4029, 3116
6150, 8153, 4584, 1004, 6303, 3082, 7311, 4793, 4821, 6721, 6412, 6988, 4301, 5325, 1483, 4081, 2488, 5027, 4098, 7677
3185, 152, 5189, 7623, 4174, 7432, 7093, 1057, 7718, 3394, 7963, 193, 4744, 3502, 6833, 1618, 7555, 2112, 8194, 4965
5516, 3847, 868, 1123, 5042, 4202, 6992, 5778, 6182, 4727, 6617, 1642, 101, 337, 799, 2036, 1746, 888, 2251, 2541
6285, 1538, 5394, 4532, 7235, 2459, 4034, 3717, 7965, 3508, 8298, 957, 1449, 621, 2188, 6079, 179, 590, 4267, 8086
4505, 6450, 5687, 246, 682, 472, 6647, 2192, 4907, 6075, 875, 2787, 7826, 1687, 3842, 6565, 2898, 8349, 4005, 1878
1825, 2873, 4017, 6401, 91, 7548, 5482, 1370, 998, 3408, 2446, 34, 3311, 1507, 8149, 7632, 6914, 2480, 7214, 8277
8319, 1525, 2281, 2041, 550, 7955, 4026, 5751, 3433, 1602, 2137, 8022, 2600, 5884, 5715, 4340, 219, 5389, 3973, 6390
6950, 2682, 3522, 779, 859, 3292, 177, 7538, 8237, 6923, 7334, 5909, 8158, 1935, 8362, 3151, 3471, 6930, 7870, 8099
8308, 2194, 0, 4804, 4910, 6867, 6695, 2393, 5208, 4601, 474, 487, 7673, 3500, 370, 7771, 6557, 2013, 4177, 6800
2949, 1208, 544, 4225, 5437, 4768, 1677, 5278, 3970, 1529, 5972, 5951, 7367, 3208, 5073, 1789, 3647, 2404, 7777, 5682
7147, 6207, 2418, 3092, 2651, 1515, 6042, 8142, 4541, 4673, 2771, 7880, 6954, 8526, 4335, 7400, 5384, 103, 3096, 463
3455, 4061, 2736, 4681, 7020, 7185, 6076, 5315, 6219, 510, 112, 7975, 4249, 4525, 5699, 448, 3796, 564, 1734, 4506
6934, 43, 656, 7508, 6903, 4186, 2920, 55, 8315, 2911, 2635, 2925, 2288, 5264, 7997, 5786, 1764, 2923, 1535, 1705
7168, 851, 215, 4668, 6321, 7715, 449, 4933, 5877, 3260, 5069, 1377, 5900, 8218, 1518, 4670, 5348, 3977, 4923, 1675
3163, 5739, 547, 862, 5094, 4506, 5324, 6775, 225, 2739, 752, 511, 6029, 1656, 1864, 8043, 2389, 6557, 4024, 8234
1736, 5102, 4918, 7389, 294, 4738, 7916, 2117, 7392, 1186, 4562, 6645, 6464, 6145, 3617, 5439, 6449, 8121, 1208, 3587
1841, 1514, 6948, 8409, 8280, 8500, 4353, 7546, 4031, 6623, 5851, 6772, 2571, 5130, 1731, 2845, 6120, 2053, 4994, 797
6680, 120, 4960, 5799, 4468, 5096, 8462, 4058, 7750, 6757, 3818, 4120, 1409, 2369, 4566, 7367, 8101, 4825, 1135, 1215
303, 5051, 7009, 3299, 2098, 4778, 6710, 4102, 7726, 4174, 7982, 2303, 5119, 7324, 3651, 4893, 2132, 8457, 6779, 4218
2168, 973, 6984, 7056, 2950, 2214, 1183, 5512, 7776, 37, 30, 7950, 3161, 6431, 6391, 2667, 3486, 5950, 4769, 7077
5124, 815, 5067, 8316, 2927, 4710, 6371, 4860, 861, 8107, 2417, 1323, 8328, 4941, 5780, 2606, 4135, 259, 480, 4360
1339, 7235, 3252, 7999, 208, 8475, 5103, 5963, 4754, 5422, 5161, 2262, 406, 2359, 118, 8399, 3440, 6308, 2549, 7677
7144, 831, 3219, 3534, 2198, 4841, 4335, 3275, 3545, 7938, 5252, 5198, 2245, 3455, 1225, 83, 7568, 5689, 5078, 8345
5775, 5704, 8305, 7557, 6290, 4717, 6169, 5280, 3320, 1089, 6426, 2234, 491, 6759, 5386, 3564, 2891, 3810, 4434, 2033
6052, 2688, 7884, 1233, 4575, 7586, 2423, 3470, 2299, 787, 7845, 1257, 674, 1962, 869, 6136, 6023, 701, 3368, 2360
3103, 6785, 6332, 7848, 3882, 1112, 1832, 4922, 4998, 1580, 4298, 6972, 3166, 5986, 409, 4714, 6175, 1245, 1275, 6311
5814, 3100, 5001, 8453, 4433, 7811, 7283, 3146, 7544, 2269, 2159, 5158, 6894, 6099, 7237, 519, 2151, 2144, 6180, 7370
311, 6100, 2709, 329, 6265, 4189, 6267, 6423, 3995, 8485, 530, 7318, 2751, 6247, 5458, 5529, 4427, 833, 3346, 6356
6624, 4828, 1715, 1842, 8160, 7342, 4560, 4904, 6832, 7704, 5898, 1163, 2050, 2230, 3605, 4664, 5516, 1134, 8387, 2353
7847, 7079, 8079, 3562, 5758, 3014, 2510, 3819, 8319, 8370, 6246, 1899, 4770, 2944, 6338, 5255, 4196, 2193, 7348, 4055
3929, 6097, 3895, 4669, 4609, 1781, 4550, 6564, 7861, 7399, 3447, 6101, 6184, 8371, 5340, 7933, 3630, 2706, 2567, 3235
1491, 5076, 7251, 1321, 5756, 744, 6596, 1145, 3653, 7352, 8471, 1548, 786, 4470, 6279, 8209, 453, 7087, 725, 2852
7001, 6885, 1155, 2084, 2580, 2651, 4929, 7982, 7097, 6914, 2437, 5420, 5333, 6654, 87, 5691, 474, 5664, 5815, 4651
4494, 6578, 2252, 5195, 3784, 8425, 7650, 3883, 7048, 1085, 3136, 1401, 5985, 109, 4514, 3170, 59, 8121, 403, 546
391, 6470, 5124, 467, 2412, 779, 7290, 1946, 7984, 1878, 8185, 4714, 5468, 4583, 7831, 655, 5137, 7543, 6249, 170
4110, 1086, 5518, 5656, 4535, 2521, 6336, 1175, 6033, 5516, 2454, 3084, 357, 348, 4150, 2348, 1745, 2362, 4683, 648
6140, 984, 8167, 4121, 2947, 6880, 5489, 6795, 4028, 3682, 8388, 1084, 4729, 7241, 4400, 2923, 4050, 3442, 3355, 2371
3059, 3324, 3992, 6076, 8084, 8044, 8098, 5606, 8466, 2930, 1782, 4127, 654, 3576, 1513, 814, 7463, 3204, 1556, 5036
6050, 712, 5234, 509, 4674, 4459, 5740, 2443, 5323, 3406, 6323, 4196, 6510, 3946, 7062, 6714, 4866, 3724, 2731, 3466
3068, 1365, 997, 7523, 7179, 1935, 5085, 4695, 1683, 6612, 973, 3208, 3440, 3378, 287, 4338, 505, 1151, 2209, 6967
1361, 2438, 1600, 5021, 3525, 7935, 3222, 7003, 3294, 4665, 7410, 5904, 5424, 7800, 3123, 6906, 5840, 6134, 2734, 8149
6897, 4988, 8370, 1485, 6086, 5348, 3295, 2112, 2544, 8082, 1963, 2936, 536, 2879, 899, 1189, 7837, 7233, 4595, 5595
6044, 8032, 3332, 5662, 1842, 2224, 4428, 607, 7878, 892, 7057, 7945, 8210, 3073, 6712, 5938, 3266, 4773, 7536, 8516
7312, 5257, 980, 6247, 8101, 7182, 6810, 4074, 5795, 1942, 848, 2417, 270, 5022, 6145, 4992, 7661, 1107, 861, 6301
4611, 2573, 7390, 5381, 2073, 563, 8436, 6648, 5473, 3215, 7978, 5145, 3868, 6409, 1376, 349, 6169, 1872, 2267, 7775
3155, 3789, 3762, 4327, 526, 5235, 1916, 4630, 4517, 4212, 561, 4369, 4971, 4634, 1777, 743, 1780, 4592, 4133, 2997
4150, 2619, 3829, 1913, 4853, 8385, 5772, 8406, 692, 7677, 3666, 4646, 5256, 6453, 2769, 2566, 5612, 868, 4740, 7803
3906, 5103, 7547, 6385, 6775, 5478, 4031, 4220, 5546, 1840, 1074, 5192, 225, 6423, 6327, 7950, 6980, 1251, 3638, 6356
6468, 5151, 7494, 7243, 7683, 5351, 2161, 5616, 3344, 1000, 2123, 4112, 754, 476, 4334, 7044, 8216, 4750, 242, 4924
7158, 1247, 3781, 604, 396, 4817, 3833, 1686, 8000, 4100, 6059, 1458, 2000, 7170, 6563, 2541, 7195, 7017, 7065, 1443
7156, 3439, 3984, 1399, 4920, 7450, 1580, 2354, 2855, 3862, 8084, 7710, 2768, 5824, 6998, 2037, 5054, 3248, 2168, 5402
5091, 8460, 2509, 5320, 2570, 7304, 6142, 6208, 8281, 8067, 3933, 8488, 5107, 5428, 3649, 4667, 3810, 884, 3792, 5669
1519, 8423, 6144, 2060, 4129, 2577, 7907, 7532, 7849, 2792, 4394, 4228, 1535, 4531, 7180, 3263, 5299, 515, 7922, 1656
1671, 1589, 5746, 97, 1120, 3366, 4237, 7116, 4661, 7300, 6273, 2416, 7600, 630, 4953, 4332, 107, 5587, 386, 6209
2431, 5889, 8065, 2642, 1488, 829, 2827, 4128, 8342, 8428, 5869, 6104, 5222, 4239, 5957, 6971, 1179, 4308, 1516, 2957
5161, 7410, 8062, 8168, 6659, 2365, 4320, 2183, 2021, 2415, 2118, 6997, 4247, 4957, 6, 645, 4439, 6078, 724, 1370
3835, 2380, 517, 1873, 2623, 7428, 5193, 839, 4689, 1195, 1496, 1771, 2658, 3268, 3959, 2948, 328, 6472, 1550, 1524
7087, 2801, 3219, 5947, 331, 4821, 309, 5880, 7244, 3301, 5435, 1805, 2367, 3847, 5173, 4185, 5660, 7136, 4606, 2529
3890, 3654, 6334, 188, 5050, 2766, 4864, 1790, 7059, 7636, 5916, 6055, 5593, 4889, 3041, 4154, 2341, 7325, 8402, 3228
7263, 3151, 3350, 2689, 4655, 4596, 6978, 6424, 7270, 6088, 5339, 6668, 3182, 2715, 825, 5791, 3229, 739, 6869, 1312
7123, 3555, 314, 6483, 5783, 4739, 2331, 5027, 1741, 545, 6154, 6214, 5207, 1574, 1952, 1653, 2446, 4994, 7030, 1596
5558, 6102, 5028, 371, 1902, 2602, 20, 8330, 5664, 6766, 5686, 1100, 8097, 2321, 492, 6570, 408, 5502, 7952, 6047
3151, 5049, 4743, 51, 4920, 8202, 3246, 6769, 3127, 889, 6039, 7849, 2639, 7594, 3460, 3769, 5930, 1629, 5960, 3118
4987, 4984, 8294, 6688, 8107, 5330, 1465, 7306, 2732, 7495, 5719, 7146, 6315, 6938, 7602, 2227, 5471, 1244, 7088, 2869
6519, 5817, 6244, 7874, 3231, 1985, 3820, 4926, 2667, 7956, 2378, 654, 2673, 6287, 2816, 6753, 915, 5898, 4026, 5020
3923, 6266, 6868, 5645, 2680, 1166, 1497, 382, 3891, 7567, 8498, 4877, 4988, 6297, 2635, 3644, 5605, 4657, 6221, 4535
1243, 4907, 3282, 3871, 686, 6431, 7480, 7923, 6978, 4613, 5802, 2785, 4035, 5361, 4119, 4325, 5354, 1841, 8075, 2255
5302, 7242, 4700, 5279, 5624, 3097, 5969, 1566, 5287, 7889, 837, 6336, 5576, 2912, 7860, 5621, 7515, 7853, 5931, 493
1246, 6944, 5589, 2903, 7761, 5995, 3646, 4962, 886, 567, 1946, 3002, 744, 2275, 5662, 673, 6723, 6849, 1215, 5527
4429, 1584, 6192, 2068, 8369, 3580, 454, 4139, 1786, 6421, 7927, 2561, 2971, 7913, 530, 4496, 3035, 6440, 1475, 8015
2646, 5324, 5544, 1750, 6610, 1603, 1012, 1183, 7667, 4370, 2928, 6339, 933, 6200, 6016, 3415, 7799, 3352, 7474, 3370
1186, 6220, 8362, 7189, 6138, 3791, 2411, 3845, 4493, 3259, 231, 3225, 4684, 2979, 2251, 6627, 3599, 4714, 7262, 4566
1638, 3594, 5500, 4998, 6050, 1870, 206, 63, 5007, 65, 6284, 827, 1445, 5904, 6113, 8317, 4723, 2575, 7512, 1489
2922, 5666, 3020, 6355, 8475, 5529, 5915, 5710, 2993, 732, 1897, 5913, 7810, 5084, 3458, 2310, 5776, 4943, 284, 4432
788, 7631, 1134, 2879, 1885, 3434, 5965, 6357, 5412, 7307, 480, 2599, 3159, 2554, 81, 2988, 2105, 5040, 6359, 242
1977, 2587, 11, 8467, 5578, 7966, 192, 923, 2279, 4422, 583, 7210, 3904, 1709, 4558, 8301, 7323, 3983, 245, 5405
4949, 5987, 8048, 648, 7457, 2373, 6920, 6093, 7352, 4582, 112, 3204, 6560, 4680, 297, 5711, 8500, 443, 7126, 3697
491, 4252, 3335, 6696, 7333, 8079, 7765, 1910, 2717, 4319, 2552, 512, 4481, 5799, 710, 6859, 600, 707, 3865, 5644
4558, 2398, 1863, 1853, 3822, 8380, 456, 1537, 3486, 1988, 5504, 4463, 6713, 4987, 7908, 3051, 7314, 3225, 146, 1102
3790, 255, 4576, 8129, 5869, 4190, 5095, 2759, 1005, 6622, 8247, 8250, 620, 6129, 548, 3931, 66, 2971, 4029, 3116
6150, 8153, 4584, 1004, 6303, 3082, 7311, 4793, 4821, 6721, 6412, 6988, 4301, 5325, 1483, 4081, 2488, 5027, 4098, 7677
3185, 152, 5189, 7623, 4174, 7432, 7093, 1057, 7718, 3394, 7963, 193, 4744, 3502, 6833, 1618, 7555, 2112, 8194, 4965
5516, 3847, 868, 1123, 5042, 4202, 6992, 5778, 6182, 4727, 6617, 1642, 101, 337, 799, 2036, 1746, 888, 2251, 2541
6285, 1538, 5394, 4532, 7235, 2459, 4034, 3717, 7965, 3508, 8298, 957, 1449, 621, 2188, 6079, 179, 590, 4267, 8086
4505, 6450, 5687, 246, 682, 472, 6647, 2192, 4907, 6075, 875, 2787, 7826, 1687, 3842, 6565, 2898, 8349, 4005, 1878
1825, 2873, 4017, 6401, 91, 7548, 5482, 1370, 998, 3408, 2446, 34, 3311, 1507, 8149, 7632, 6914, 2480, 7214, 8277
8319, 1525, 2281, 2041, 550, 7955, 4026, 5751, 3433, 1602, 2137, 8022, 2600, 5884, 5715, 4340, 219, 5389, 3973, 6390
6950, 2682, 3522, 779, 859, 3292, 177, 7538, 8237, 6923, 7334, 5909, 8158, 1935, 8362, 3151, 3471, 6930, 7870, 8099
8308, 2194, 0, 4804, 4910, 6867, 6695, 2393, 5208, 4601, 474, 487, 7673, 3500, 370, 7771, 6557, 2013, 4177, 6800
2949, 1208, 544, 4225, 5437, 4768, 1677, 5278, 3970, 1529, 5972, 5951, 7367, 3208, 5073, 1789, 3647, 2404, 7777, 5682
7147, 6207, 2418, 3092, 2651, 1515, 6042, 8142, 4541, 4673, 2771, 7880, 6954, 8526, 4335, 7400, 5384, 103, 3096, 463
3455, 4061, 2736, 4681, 7020, 7185, 6076, 5315, 6219, 510, 112, 7975, 4249, 4525, 5699, 448, 3796, 564, 1734, 4506
6934, 43, 656, 7508, 6903, 4186, 2920, 55, 8315, 2911, 2635, 2925, 2288, 5264, 7997, 5786, 1764, 2923, 1535, 1705
7168, 851, 215, 4668, 6321, 7715, 449, 4933, 5877, 3260, 5069, 1377, 5900, 8218, 1518, 4670, 5348, 3977, 4923, 1675
3163, 5739, 547, 862, 5094, 4506, 5324, 6775, 225, 2739, 752, 511, 6029, 1656, 1864, 8043, 2389, 6557, 4024, 8234
1736, 5102, 4918, 7389, 294, 4738, 7916, 2117, 7392, 1186, 4562, 6645, 6464, 6145, 3617, 5439, 6449, 8121, 1208, 3587
1841, 1514, 6948, 8409, 8280, 8500, 4353, 7546, 4031, 6623, 5851, 6772, 2571, 5130, 1731, 2845, 6120, 2053, 4994, 797
6680, 120, 4960, 5799, 4468, 5096, 8462, 4058, 7750, 6757, 3818, 4120, 1409, 2369, 4566, 7367, 8101, 4825, 1135, 1215
303, 5051, 7009, 3299, 2098, 4778, 6710, 4102, 7726, 4174, 7982, 2303, 5119, 7324, 3651, 4893, 2132, 8457, 6779, 4218
2168, 973, 6984, 7056, 2950, 2214, 1183, 5512, 7776, 37, 30, 7950, 3161, 6431, 6391, 2667, 3486, 5950, 4769, 7077
5124, 815, 5067, 8316, 2927, 4710, 6371, 4860, 861, 8107, 2417, 1323, 8328, 4941, 5780, 2606, 4135, 259, 480, 4360
1339, 7235, 3252, 7999, 208, 8475, 5103, 5963, 4754, 5422, 5161, 2262, 406, 2359, 118, 8399, 3440, 6308, 2549, 7677
7144, 831, 3219, 3534, 2198, 4841, 4335, 3275, 3545, 7938, 5252, 5198, 2245, 3455, 1225, 83, 7568, 5689, 5078, 8345
5775, 5704, 8305, 7557, 6290, 4717, 6169, 5280, 3320, 1089, 6426, 2234, 491, 6759, 5386, 3564, 2891, 3810, 4434, 2033
6052, 2688, 7884, 1233, 4575, 7586, 2423, 3470, 2299, 787, 7845, 1257, 674, 1962, 869, 6136, 6023, 701, 3368, 2360
3103, 6785, 6332, 7848, 3882, 1112, 1832, 4922, 4998, 1580, 4298, 6972, 3166, 5986, 409, 4714, 6175, 1245, 1275, 6311
5814, 3100, 5001, 8453, 4433, 7811, 7283, 3146, 7544, 2269, 2159, 5158, 6894, 6099, 7237, 519, 2151, 2144, 6180, 7370
311, 6100, 2709, 329, 6265, 4189, 6267, 6423, 3995, 8485, 530, 7318, 2751, 6247, 5458, 5529, 4427, 833, 3346, 6356
6624, 4828, 1715, 1842, 8160, 7342, 4560, 4904, 6832, 7704, 5898, 1163, 2050, 2230, 3605, 4664, 5516, 1134, 8387, 2353
7847, 7079, 8079, 3562, 5758, 3014, 2510, 3819, 8319, 8370, 6246, 1899, 4770, 2944, 6338, 5255, 4196, 2193, 7348, 4055
